PENPO_0016_09052	PENPO_0016_09052	100.000	362	0	0	1	362	1	362	0.0	739
PENPO_0016_09052	PENSO_0198_03390	98.895	362	4	0	1	362	1	362	0.0	732
PENPO_0016_09052	TALIS_0004_04494	75.798	376	75	4	1	362	1	374	0.0	551
PENPO_0016_09052	OIDMA_0035_16305	38.649	370	207	7	1	359	1	361	1.95e-74	237
PENPO_0016_09052	PENFR_0134_05626	94.000	100	6	0	1	100	1	100	8.16e-63	199
PENPO_0016_09052	ASPKA_0064_05920	37.319	276	171	2	7	281	4	278	9.94e-54	183
PENPO_0016_09052	PENAN_0017_06184	36.437	247	157	0	35	281	14	260	3.82e-47	166
PENPO_0016_09052	PENST_0002_01398	28.657	335	233	2	34	362	29	363	9.35e-46	163
PENPO_0016_09052	PENCO_0010_07306	33.101	287	165	5	29	302	22	294	1.02e-42	155
PENPO_0016_09052	ASPNI_0003_02843	36.842	228	142	2	20	246	62	288	1.19e-42	156
PENPO_0016_09052	PENVU_0006_02471	33.088	272	175	2	1	272	1	265	6.26e-42	152
PENPO_0016_09052	ARTOL_0211_10453	30.794	315	206	5	19	324	51	362	1.45e-41	155
PENPO_0016_09052	ASPTE_0022_10172	34.016	244	161	0	29	272	521	764	1.06e-40	156
PENPO_0016_09052	PENSU_0473_10806	31.780	236	161	0	34	269	27	262	2.70e-38	143
PENPO_0016_09052	ASPCA_0008_08971	29.932	294	197	6	12	302	3	290	6.74e-38	141
PENPO_0016_09052	TALIS_0002_00038	28.617	311	206	6	19	316	9	316	1.10e-37	147
PENPO_0016_09052	PENVU_0067_09324	30.721	319	201	6	33	345	24	328	6.10e-37	139
PENPO_0016_09052	ASPCA_0012_11737	28.313	332	226	3	19	349	6	326	4.50e-36	137
PENPO_0016_09052	PENST_0011_06292	31.561	301	200	5	19	316	10	307	6.23e-36	137
PENPO_0016_09052	ARTOT_0008_07921	30.000	350	208	11	8	333	27	363	8.19e-36	137
PENPO_0016_09052	PENCO_0005_04368	30.530	321	199	7	33	345	24	328	1.17e-35	135
PENPO_0016_09052	ASPTE_0016_05773	29.329	283	181	4	33	300	22	300	3.46e-35	135
PENPO_0016_09052	PENST_0005_03548	31.935	310	173	11	34	321	50	343	4.02e-35	135
PENPO_0016_09052	PENAR_0006_04246	32.377	244	165	0	34	277	29	272	1.53e-34	132
PENPO_0016_09052	NEOFI_0255_05801	30.421	309	198	4	16	318	3	300	3.70e-34	132
PENPO_0016_09052	ASPCA_0010_10584	31.000	300	182	6	29	308	20	314	4.06e-34	132
PENPO_0016_09052	ASPLU_0027_10326	26.543	324	212	5	17	317	4	324	6.62e-34	131
PENPO_0016_09052	PENST_0005_03517	32.042	284	176	4	55	338	42	308	8.81e-34	130
PENPO_0016_09052	PENEN_0039_02763	30.928	291	179	9	33	312	29	308	1.01e-33	130
PENPO_0016_09052	PENAR_0012_06900	27.246	345	233	8	1	332	1	340	1.12e-33	130
PENPO_0016_09052	PENPO_0010_07690	29.225	284	191	4	33	314	24	299	1.40e-33	129
PENPO_0016_09052	VALMA_0081_07694	27.190	331	232	7	19	347	8	331	5.99e-33	129
PENPO_0016_09052	PENAN_0013_05159	28.758	306	208	7	12	312	19	319	7.44e-33	128
PENPO_0016_09052	ASPLU_0018_05303	35.160	219	140	2	7	224	4	221	1.10e-32	124
PENPO_0016_09052	PENPO_0001_00576	28.216	241	167	2	54	294	40	274	1.20e-32	127
PENPO_0016_09052	PENFL_0050_09357	28.080	349	211	8	17	356	4	321	1.95e-32	127
PENPO_0016_09052	MICGY_0005_05433	30.420	286	185	7	33	313	23	299	2.26e-32	127
PENPO_0016_09052	PENVU_0015_04718	32.353	272	154	9	33	282	29	292	3.43e-32	126
PENPO_0016_09052	PENAR_0010_06022	27.070	314	215	5	22	329	14	319	4.72e-32	126
PENPO_0016_09052	ASPTE_0012_03488	27.139	339	233	4	16	353	3	328	4.75e-32	126
PENPO_0016_09052	PENCH_0038_11187	27.168	346	222	6	17	358	4	323	4.91e-32	126
PENPO_0016_09052	ASPKA_0066_06645	29.653	317	192	8	13	301	15	328	5.63e-32	127
PENPO_0016_09052	ASPLU_0011_02763	29.653	317	192	8	13	301	15	328	5.63e-32	127
PENPO_0016_09052	MICGY_0005_04990	31.250	272	177	6	10	276	4	270	6.99e-32	126
PENPO_0016_09052	PENSU_0382_06503	27.019	322	218	4	17	338	4	308	1.23e-31	125
PENPO_0016_09052	PENRO_0003_03730	28.037	321	206	7	33	345	24	327	1.23e-31	125
PENPO_0016_09052	ASPTE_0002_00062	30.208	288	188	7	33	308	27	313	2.49e-31	124
PENPO_0016_09052	ASPNI_0005_03439	28.657	335	204	9	13	318	15	343	2.80e-31	125
PENPO_0016_09052	PENAR_0020_09037	30.980	255	172	4	19	272	10	261	2.94e-31	124
PENPO_0016_09052	TORHE_0006_08844	26.023	342	241	5	24	357	25	362	3.65e-31	124
PENPO_0016_09052	PENST_0005_03813	30.473	338	215	9	17	351	6	326	4.68e-31	124
PENPO_0016_09052	PENVU_0001_00221	32.660	297	186	7	16	308	1	287	5.27e-31	123
PENPO_0016_09052	PENFR_0047_02558	28.739	341	231	8	29	362	20	355	5.42e-31	124
PENPO_0016_09052	MICGY_0004_04536	30.479	292	180	8	14	288	4	289	5.66e-31	124
PENPO_0016_09052	PENST_0001_00640	27.545	334	226	6	14	345	10	329	5.97e-31	123
PENPO_0016_09052	NEOFI_0256_06299	29.290	338	218	10	12	344	10	331	6.91e-31	123
PENPO_0016_09052	NEOFI_0258_08621	30.841	321	202	9	12	326	17	323	7.04e-31	122
PENPO_0016_09052	PENSO_0510_09744	28.249	354	236	9	19	362	10	355	7.13e-31	123
PENPO_0016_09052	ASPNI_0003_01804	26.586	331	228	5	22	344	16	339	1.30e-30	123
PENPO_0016_09052	ASPTE_0011_02747	29.568	301	176	9	33	322	3	278	1.55e-30	122
PENPO_0016_09052	PENCO_0007_05996	32.841	271	164	9	33	295	33	293	1.95e-30	122
PENPO_0016_09052	PENFL_0022_06428	31.395	258	171	6	17	272	8	261	2.37e-30	122
PENPO_0016_09052	PENAN_0001_00085	28.479	309	192	10	44	334	30	327	2.45e-30	121
PENPO_0016_09052	ASPKA_0065_06319	28.261	322	210	8	17	324	18	332	2.93e-30	121
PENPO_0016_09052	MICGY_0010_08488	26.452	310	219	2	18	318	5	314	4.67e-30	120
PENPO_0016_09052	ASPKA_0142_09725	28.352	261	161	5	80	317	12	269	4.74e-30	119
PENPO_0016_09052	PENPO_0007_06130	28.618	304	201	8	26	318	15	313	5.62e-30	120
PENPO_0016_09052	PENPO_0007_06081	28.969	359	209	11	1	344	1	328	6.07e-30	124
PENPO_0016_09052	PENCO_0007_05956	27.129	317	200	8	12	322	19	310	7.39e-30	120
PENPO_0016_09052	PENSO_0490_08923	28.289	304	202	8	26	318	15	313	8.70e-30	120
PENPO_0016_09052	ASPKA_0134_08924	26.829	328	231	6	22	344	40	363	8.91e-30	120
PENPO_0016_09052	ASPLU_0015_03459	26.829	328	231	6	22	344	40	363	8.91e-30	120
PENPO_0016_09052	OIDMA_0001_01606	26.061	330	221	6	4	316	11	334	9.80e-30	120
PENPO_0016_09052	ASPTE_0019_08573	28.322	286	199	5	12	295	17	298	1.08e-29	119
PENPO_0016_09052	PENFR_0100_04603	29.412	289	180	8	1	277	1	277	1.11e-29	120
PENPO_0016_09052	PENEN_0033_02153	31.419	296	181	10	29	317	20	300	1.47e-29	122
PENPO_0016_09052	NEOFI_0259_10294	30.070	286	182	9	1	277	1	277	1.90e-29	120
PENPO_0016_09052	ASPLU_0024_09211	32.414	290	181	8	12	295	15	295	1.92e-29	119
PENPO_0016_09052	DIPCO_0040_07164	28.065	310	194	5	13	314	15	303	1.96e-29	120
PENPO_0016_09052	PENAR_0022_09356	28.857	350	214	11	17	338	6	348	1.96e-29	119
PENPO_0016_09052	PENCO_0011_07634	30.208	288	181	5	55	330	42	321	1.98e-29	119
PENPO_0016_09052	ASPNI_0011_08112	26.990	289	195	9	2	282	3	283	2.13e-29	119
PENPO_0016_09052	NEOFI_0256_06355	29.435	248	168	4	33	277	22	265	2.29e-29	119
PENPO_0016_09052	ASPCA_0011_11519	27.299	348	238	6	13	351	20	361	2.58e-29	120
PENPO_0016_09052	ASPNI_0013_09141	31.724	290	183	8	12	295	15	295	3.39e-29	119
PENPO_0016_09052	PENST_0015_07703	30.792	341	224	5	16	347	20	357	3.40e-29	119
PENPO_0016_09052	PENSO_0488_08880	28.045	353	220	10	1	344	1	328	3.67e-29	122
PENPO_0016_09052	PENVU_0011_03691	27.507	349	220	7	14	359	8	326	4.16e-29	118
PENPO_0016_09052	ASPCA_0010_10581	27.554	323	220	3	29	341	25	343	4.26e-29	119
PENPO_0016_09052	PENST_0024_09305	29.699	266	181	5	29	290	32	295	4.40e-29	118
PENPO_0016_09052	PENCO_0001_00280	26.946	334	216	5	29	360	20	327	4.56e-29	118
PENPO_0016_09052	PENFL_0024_06872	25.816	337	231	9	12	344	19	340	4.70e-29	118
PENPO_0016_09052	PENEN_0090_06771	30.588	340	213	11	17	350	6	328	4.79e-29	118
PENPO_0016_09052	PENPO_0002_02609	31.304	230	153	2	55	282	42	268	5.46e-29	117
PENPO_0016_09052	PENVU_0067_09340	30.522	249	166	5	26	272	15	258	5.51e-29	118
PENPO_0016_09052	PENFL_0007_03097	30.303	297	193	8	16	308	20	306	5.58e-29	118
PENPO_0016_09052	PENSO_0499_09256	31.304	230	153	2	55	282	42	268	5.63e-29	117
PENPO_0016_09052	OIDMA_0013_11890	26.482	253	182	4	22	272	9	259	7.44e-29	117
PENPO_0016_09052	PENVU_0012_04168	30.522	249	153	6	33	270	37	276	7.51e-29	118
PENPO_0016_09052	ASPCA_0006_06509	30.450	289	179	8	18	296	6	282	7.63e-29	117
PENPO_0016_09052	PENEN_0070_04548	26.364	330	221	4	22	351	14	321	9.58e-29	117
PENPO_0016_09052	PENRO_0002_02475	29.804	255	175	4	19	272	10	261	1.09e-28	117
PENPO_0016_09052	PENVU_0015_04658	29.114	316	213	4	17	325	44	355	1.19e-28	117
PENPO_0016_09052	ASPNI_0011_07352	28.349	321	202	10	6	312	7	313	1.27e-28	117
PENPO_0016_09052	PENEN_0072_04756	28.754	313	214	7	26	334	15	322	1.30e-28	117
PENPO_0016_09052	VALMA_0003_00861	25.836	329	218	6	1	308	1	324	1.46e-28	116
PENPO_0016_09052	ASPKA_0065_06589	28.435	313	197	9	13	312	15	313	1.48e-28	117
PENPO_0016_09052	ASPLU_0016_03481	28.435	313	197	9	13	312	15	313	1.48e-28	117
PENPO_0016_09052	PENRO_0003_06821	27.586	290	203	3	17	306	4	286	1.51e-28	116
PENPO_0016_09052	PENFL_0024_06919	28.906	256	172	4	33	282	33	284	1.72e-28	115
PENPO_0016_09052	PENRO_0002_00327	28.571	287	196	7	12	294	18	299	1.86e-28	116
PENPO_0016_09052	PENFR_0222_07577	30.702	228	157	1	55	282	42	268	1.88e-28	116
PENPO_0016_09052	MICGY_0003_03043	31.048	248	162	4	29	272	29	271	1.89e-28	117
PENPO_0016_09052	PENCO_0007_05778	29.084	251	172	3	24	272	13	259	1.91e-28	117
PENPO_0016_09052	PENAR_0015_07608	26.871	294	200	3	17	306	4	286	1.94e-28	116
PENPO_0016_09052	PENSO_0139_02182	27.305	282	194	4	33	314	24	294	1.98e-28	116
PENPO_0016_09052	ASPCA_0003_02664	31.507	292	188	7	16	301	21	306	2.02e-28	118
PENPO_0016_09052	PENCH_0034_08310	27.961	304	193	8	33	330	33	316	2.21e-28	116
PENPO_0016_09052	PENRO_0003_04417	28.819	288	192	5	23	299	20	305	2.34e-28	115
PENPO_0016_09052	PENCO_0006_05249	31.834	289	183	8	24	308	28	306	2.39e-28	117
PENPO_0016_09052	PENRO_0002_03317	27.742	310	195	9	33	324	37	335	2.60e-28	116
PENPO_0016_09052	PENPO_0007_06034	25.868	317	226	7	12	324	19	330	2.81e-28	115
PENPO_0016_09052	ASPCA_0004_04399	29.781	319	209	6	5	322	10	314	3.16e-28	116
PENPO_0016_09052	PENEN_0049_03327	28.315	279	194	5	14	289	13	288	4.09e-28	115
PENPO_0016_09052	PENFR_0038_02174	25.424	295	215	4	33	324	11	303	4.16e-28	115
PENPO_0016_09052	PENFL_0009_03676	27.636	275	179	6	33	296	37	302	5.24e-28	115
PENPO_0016_09052	TALIS_0012_08959	28.289	304	200	8	11	311	14	302	5.82e-28	115
PENPO_0016_09052	STELY_0132_03367	28.777	278	160	7	40	313	10	253	6.39e-28	118
PENPO_0016_09052	ARTOT_0003_01779	29.091	275	165	5	34	279	30	303	6.65e-28	115
PENPO_0016_09052	PENVU_0051_08616	25.407	307	210	8	14	313	15	309	6.78e-28	115
PENPO_0016_09052	PENVU_0044_08205	25.680	331	224	5	22	335	14	339	6.82e-28	115
PENPO_0016_09052	PENCO_0003_03646	28.094	299	192	8	17	296	14	308	7.28e-28	115
PENPO_0016_09052	PENCO_0003_02988	28.516	256	181	2	22	277	14	267	9.14e-28	114
PENPO_0016_09052	PENST_0009_05572	27.273	286	193	6	24	298	30	311	9.54e-28	114
PENPO_0016_09052	PENRO_0002_00635	26.538	260	185	3	24	281	13	268	9.81e-28	115
PENPO_0016_09052	ASPKA_0144_10406	25.806	310	212	11	2	301	3	304	1.09e-27	114
PENPO_0016_09052	ASPLU_0025_09553	25.806	310	212	11	2	301	3	304	1.09e-27	114
PENPO_0016_09052	ASPNI_0007_04771	26.429	280	197	4	51	328	16	288	1.12e-27	114
PENPO_0016_09052	PENEN_0003_00124	25.321	312	214	7	14	319	15	313	1.19e-27	114
PENPO_0016_09052	PENPO_0005_04726	30.201	298	192	9	16	308	20	306	1.23e-27	114
PENPO_0016_09052	PENVU_0002_00854	28.428	299	203	8	2	294	7	300	1.47e-27	114
PENPO_0016_09052	PENFR_0081_03907	27.652	264	178	6	14	270	15	272	1.56e-27	114
PENPO_0016_09052	PENAR_0030_10311	29.694	229	159	2	51	277	37	265	1.59e-27	114
PENPO_0016_09052	PENSO_0384_06485	25.237	317	228	7	12	324	19	330	1.82e-27	113
PENPO_0016_09052	PENRO_0003_04615	28.517	263	179	5	17	272	9	269	1.83e-27	114
PENPO_0016_09052	OIDMA_0016_13158	28.947	342	225	10	11	341	5	339	1.95e-27	114
PENPO_0016_09052	PENEN_0035_02546	29.365	252	171	2	55	306	42	286	1.96e-27	113
PENPO_0016_09052	PENSO_0066_01009	30.201	298	192	9	16	308	20	306	2.01e-27	114
PENPO_0016_09052	PENAN_0011_04613	26.331	338	237	7	1	330	1	334	2.11e-27	114
PENPO_0016_09052	PENEN_0093_06931	27.393	303	202	8	1	294	3	296	2.16e-27	114
PENPO_0016_09052	PENVU_0026_06421	26.216	370	242	11	17	360	14	378	2.31e-27	114
PENPO_0016_09052	PENEN_0090_06734	27.679	336	215	5	29	362	20	329	2.47e-27	113
PENPO_0016_09052	PENAN_0022_07079	27.273	297	205	4	22	312	14	305	2.52e-27	116
PENPO_0016_09052	PENSO_0233_04341	27.273	264	179	6	14	270	15	272	2.58e-27	113
PENPO_0016_09052	TALIS_0008_07018	26.894	264	181	5	13	272	3	258	2.91e-27	113
PENPO_0016_09052	OIDMA_0016_12965	27.526	287	205	3	7	292	13	297	3.08e-27	113
PENPO_0016_09052	PENCH_0029_04565	27.636	275	179	6	33	296	37	302	3.27e-27	114
PENPO_0016_09052	ASPCA_0015_12724	29.482	251	174	3	24	272	30	279	3.30e-27	113
PENPO_0016_09052	PENFL_0002_01086	26.923	260	184	3	24	281	13	268	3.33e-27	113
PENPO_0016_09052	PENEN_0043_02964	31.395	258	163	8	55	308	7	254	3.38e-27	112
PENPO_0016_09052	PENVU_0002_01088	26.959	319	207	7	12	322	4	304	3.39e-27	113
PENPO_0016_09052	PENVU_0020_05720	25.143	350	237	9	19	351	12	353	3.91e-27	113
PENPO_0016_09052	PENPO_0014_08657	27.273	264	179	6	14	270	15	272	4.06e-27	113
PENPO_0016_09052	PENRO_0015_12219	26.273	373	238	12	17	360	14	378	4.33e-27	113
PENPO_0016_09052	ASPCA_0002_00470	27.463	335	222	10	13	329	15	346	4.46e-27	113
PENPO_0016_09052	PENFR_0045_02476	27.308	260	183	3	24	281	13	268	5.64e-27	113
PENPO_0016_09052	PENFR_0025_01553	29.866	298	193	9	16	308	20	306	6.04e-27	112
PENPO_0016_09052	PENVU_0004_01847	26.645	304	208	6	33	328	24	320	6.91e-27	112
PENPO_0016_09052	PENCO_0008_06576	29.719	249	155	6	33	270	37	276	8.20e-27	112
PENPO_0016_09052	PENPO_0007_05822	26.923	260	184	3	24	281	13	268	8.20e-27	112
PENPO_0016_09052	PENAN_0016_05919	32.432	259	164	7	17	270	6	258	9.47e-27	112
PENPO_0016_09052	PENCH_0028_01914	29.457	258	175	3	13	270	48	298	9.74e-27	112
PENPO_0016_09052	TALIS_0008_06947	30.000	250	165	4	40	282	22	268	1.03e-26	112
PENPO_0016_09052	TORHE_0007_09928	28.000	300	199	6	38	329	41	331	1.05e-26	112
PENPO_0016_09052	PENCH_0038_11778	30.028	353	210	14	17	355	6	335	1.19e-26	112
PENPO_0016_09052	PENSO_0438_07330	30.205	341	213	11	17	350	6	328	1.22e-26	112
PENPO_0016_09052	ASPNI_0007_04910	30.660	212	138	4	94	302	1	206	1.29e-26	109
PENPO_0016_09052	PENSO_0530_10300	26.923	260	184	3	24	281	13	268	1.34e-26	112
PENPO_0016_09052	PENFL_0014_04863	29.070	258	176	3	13	270	12	262	1.39e-26	111
PENPO_0016_09052	ASPKA_0057_03587	29.603	277	178	8	6	272	2	271	1.50e-26	111
PENPO_0016_09052	ARTOL_0189_09883	28.197	305	206	7	25	326	21	315	1.68e-26	112
PENPO_0016_09052	PENCO_0004_04304	25.000	340	225	7	19	352	12	327	1.72e-26	111
PENPO_0016_09052	VALMA_0071_07218	28.188	298	194	5	33	314	27	320	1.82e-26	111
PENPO_0016_09052	PENPO_0025_10334	30.205	341	213	11	17	350	6	328	1.83e-26	111
PENPO_0016_09052	PENVU_0016_04980	31.034	348	205	14	17	352	6	330	1.94e-26	111
PENPO_0016_09052	ASPKA_0036_00513	25.836	329	225	8	14	327	9	333	2.02e-26	111
PENPO_0016_09052	ASPKA_0065_06347	28.462	260	180	5	12	269	17	272	2.16e-26	110
PENPO_0016_09052	ASPLU_0016_03784	28.462	260	180	5	12	269	17	272	2.16e-26	110
PENPO_0016_09052	PENEN_0055_03656	27.636	275	191	6	12	283	19	288	2.29e-26	110
PENPO_0016_09052	PENEN_0086_06268	26.235	324	219	7	33	341	26	344	2.36e-26	110
PENPO_0016_09052	PENCO_0001_00309	30.321	343	210	12	17	350	6	328	2.40e-26	111
PENPO_0016_09052	PENFL_0004_02106	29.855	345	209	12	17	350	6	328	2.96e-26	110
PENPO_0016_09052	PENEN_0088_06453	27.742	310	203	9	37	329	28	333	3.12e-26	110
PENPO_0016_09052	ASPNI_0015_10646	24.055	291	207	5	24	301	24	313	3.39e-26	113
PENPO_0016_09052	ARTOT_0004_03821	26.481	287	204	4	22	302	27	312	3.80e-26	110
PENPO_0016_09052	ARTOT_0003_02726	25.472	318	229	2	21	330	8	325	3.82e-26	110
PENPO_0016_09052	PENPO_0009_07261	30.392	306	177	10	19	317	10	286	6.27e-26	109
PENPO_0016_09052	PENRO_0005_08904	29.236	301	192	7	16	302	5	298	7.52e-26	109
PENPO_0016_09052	PENST_0001_00203	27.190	331	224	8	13	329	15	342	7.58e-26	110
PENPO_0016_09052	PENCO_0016_08720	25.385	260	189	4	14	270	15	272	8.55e-26	109
PENPO_0016_09052	METMA_0194_10595	28.750	240	159	4	41	271	24	260	8.96e-26	109
PENPO_0016_09052	ASPCA_0032_15128	26.642	274	192	6	26	294	33	302	1.11e-25	109
PENPO_0016_09052	ASPKA_0022_00088	25.704	284	201	4	33	312	23	300	1.12e-25	109
PENPO_0016_09052	PENCO_0009_06695	28.912	294	182	9	38	317	40	320	1.15e-25	109
PENPO_0016_09052	ASPNI_0015_10440	27.757	263	182	5	14	272	36	294	1.18e-25	109
PENPO_0016_09052	MICGY_0005_04800	28.077	260	184	3	17	275	20	277	1.50e-25	109
PENPO_0016_09052	ARTOL_0189_09941	28.716	296	201	6	13	303	19	309	1.56e-25	109
PENPO_0016_09052	PENAR_0002_01501	31.955	266	167	6	19	272	23	286	1.63e-25	109
PENPO_0016_09052	PENAN_0003_01729	29.630	216	151	1	67	282	37	251	1.72e-25	108
PENPO_0016_09052	PENAN_0028_08103	26.027	292	204	5	25	311	24	308	1.75e-25	108
PENPO_0016_09052	ASPTE_0020_09180	25.000	312	217	7	16	314	8	315	1.82e-25	108
PENPO_0016_09052	PENFL_0005_02202	28.626	262	177	7	41	296	32	289	1.91e-25	108
PENPO_0016_09052	PENFR_0676_11351	29.395	347	210	14	19	354	8	330	2.04e-25	108
PENPO_0016_09052	PENPO_0006_05104	28.125	256	182	2	22	277	14	267	2.25e-25	108
PENPO_0016_09052	TORHE_0004_06232	27.425	299	196	7	16	298	97	390	2.32e-25	109
PENPO_0016_09052	OIDMA_0021_14914	33.772	228	131	8	52	270	1	217	2.32e-25	105
PENPO_0016_09052	PENAR_0020_09034	28.873	284	196	6	30	311	1	280	2.42e-25	110
PENPO_0016_09052	PENSO_0440_07352	28.125	256	182	2	22	277	14	267	2.49e-25	108
PENPO_0016_09052	ASPTE_0014_04568	28.428	299	196	7	17	303	5	297	2.54e-25	108
PENPO_0016_09052	ASPTE_0019_08491	28.614	339	226	10	29	362	25	352	2.64e-25	108
PENPO_0016_09052	PENRO_0005_09590	30.303	297	193	8	16	308	20	306	3.01e-25	108
PENPO_0016_09052	PENCH_0037_10016	27.039	233	164	3	51	281	3	231	3.26e-25	107
PENPO_0016_09052	TALIS_0005_05266	28.625	269	181	5	14	279	7	267	3.72e-25	108
PENPO_0016_09052	PYROM_1570_13258	28.873	284	194	5	17	295	16	296	5.96e-25	107
PENPO_0016_09052	OIDMA_0009_09330	28.777	278	189	6	1	270	1	277	9.98e-25	105
PENPO_0016_09052	ASPLU_0016_03815	26.183	317	186	7	19	324	20	299	1.04e-24	105
PENPO_0016_09052	PENCO_0002_02168	27.344	256	184	2	24	277	30	285	1.43e-24	105
PENPO_0016_09052	TALIS_0002_01106	26.866	268	191	3	19	282	17	283	1.56e-24	105
PENPO_0016_09052	PENSU_0455_09894	29.143	350	221	10	17	359	6	335	1.58e-24	106
PENPO_0016_09052	ASPTE_0012_03418	27.044	318	193	8	26	309	15	327	1.68e-24	106
PENPO_0016_09052	TALIS_0005_05367	26.857	350	232	8	1	345	1	331	1.75e-24	105
PENPO_0016_09052	PENSO_0044_00606	27.103	321	205	7	33	333	23	334	1.82e-24	105
PENPO_0016_09052	TORHE_0003_04189	27.536	276	184	8	29	292	23	294	2.04e-24	105
PENPO_0016_09052	ASPKA_0142_09826	29.524	315	183	14	41	329	34	335	2.07e-24	105
PENPO_0016_09052	TALIS_0012_09051	27.049	366	234	11	19	361	6	361	2.11e-24	105
PENPO_0016_09052	NEOFI_0249_02783	24.679	312	204	5	23	327	15	302	2.16e-24	105
PENPO_0016_09052	NEOFI_0251_03789	28.235	255	172	6	14	265	10	256	2.58e-24	103
PENPO_0016_09052	PENCH_0028_02810	27.469	324	200	8	17	306	14	336	2.88e-24	105
PENPO_0016_09052	PENRO_0002_01554	25.292	257	187	3	19	272	12	266	2.90e-24	106
PENPO_0016_09052	PENRO_0002_01297	29.210	291	171	10	9	279	3	278	2.92e-24	104
PENPO_0016_09052	ASPNI_0019_12796	27.969	261	180	4	29	282	22	281	3.24e-24	105
PENPO_0016_09052	PENPO_0001_01213	27.103	321	205	7	33	333	23	334	4.09e-24	104
PENPO_0016_09052	PENST_0001_00400	30.824	279	182	7	19	289	19	294	4.53e-24	104
PENPO_0016_09052	PENEN_0080_05562	24.579	297	220	3	25	318	27	322	4.57e-24	104
PENPO_0016_09052	ARTOT_0008_07810	29.057	265	151	8	40	299	35	267	4.68e-24	104
PENPO_0016_09052	ASPKA_0067_07267	30.000	260	171	5	81	329	71	330	5.51e-24	104
PENPO_0016_09052	ASPNI_0019_13373	28.276	290	195	8	13	294	18	302	5.91e-24	104
PENPO_0016_09052	DIPCO_0002_00516	25.382	327	204	6	20	310	3	325	6.07e-24	105
PENPO_0016_09052	METMA_0011_03178	27.070	314	215	7	40	350	42	344	7.60e-24	104
PENPO_0016_09052	ASPNI_0013_08918	24.242	330	205	5	17	303	4	331	7.81e-24	104
PENPO_0016_09052	PENCO_0004_04166	27.645	293	191	7	31	306	2	290	9.52e-24	103
PENPO_0016_09052	METMA_0008_02463	29.321	324	191	11	19	325	107	409	1.04e-23	104
PENPO_0016_09052	ARTOL_0174_09130	27.469	324	224	9	12	328	15	334	1.11e-23	105
PENPO_0016_09052	TORHE_0004_07647	25.688	327	222	8	16	331	91	407	1.16e-23	104
PENPO_0016_09052	VALMA_0026_04160	26.537	309	214	7	20	321	22	324	1.24e-23	103
PENPO_0016_09052	OIDMA_0022_15082	26.866	268	192	4	30	295	30	295	1.32e-23	103
PENPO_0016_09052	ASPKA_0143_10106	24.756	307	227	3	24	329	27	330	1.34e-23	103
PENPO_0016_09052	MICGY_0007_07173	29.278	263	178	6	22	279	15	274	1.34e-23	103
PENPO_0016_09052	PENCO_0012_07872	27.077	325	208	7	19	317	4	325	1.36e-23	105
PENPO_0016_09052	OIDMA_0017_13419	27.490	251	180	2	20	270	10	258	1.49e-23	101
PENPO_0016_09052	ASPNI_0003_01812	24.648	284	195	4	33	312	23	291	1.63e-23	102
PENPO_0016_09052	PENRO_0006_09980	25.449	334	229	7	22	337	14	345	1.66e-23	102
PENPO_0016_09052	PENVU_0014_04396	26.172	256	187	2	24	277	30	285	1.77e-23	103
PENPO_0016_09052	ASPTE_0012_03369	24.615	260	160	3	31	272	38	279	2.05e-23	102
PENPO_0016_09052	TALIS_0005_04867	25.749	334	227	7	23	349	11	330	2.16e-23	102
PENPO_0016_09052	ASPCA_0005_06103	25.234	321	206	7	23	334	14	309	2.66e-23	102
PENPO_0016_09052	PENAN_0004_02034	29.391	279	173	4	16	272	20	296	2.67e-23	103
PENPO_0016_09052	TORHE_0003_05701	26.042	288	190	5	29	301	24	303	2.71e-23	102
PENPO_0016_09052	VALMA_0149_09929	28.374	289	179	7	51	329	150	420	3.05e-23	103
PENPO_0016_09052	VALMA_0091_08131	30.435	253	161	6	29	272	21	267	3.11e-23	102
PENPO_0016_09052	PENRO_0003_04885	25.545	321	213	8	33	332	23	338	3.33e-23	102
PENPO_0016_09052	PYROM_0191_01839	28.079	203	145	1	81	283	11	212	3.40e-23	101
PENPO_0016_09052	PENAN_0015_05542	29.412	255	175	5	31	283	2	253	3.61e-23	101
PENPO_0016_09052	PENEN_0116_08687	28.731	268	153	6	33	294	30	265	3.78e-23	104
PENPO_0016_09052	PENFL_0031_07856	25.436	287	210	3	25	308	26	311	3.98e-23	102
PENPO_0016_09052	PENCH_0028_01301	28.405	257	180	4	22	277	14	267	4.45e-23	101
PENPO_0016_09052	PENSO_0037_00455	26.688	311	197	7	19	302	4	310	4.99e-23	103
PENPO_0016_09052	VALMA_0038_05136	26.692	266	189	4	19	280	28	291	5.04e-23	101
PENPO_0016_09052	NEOFI_0253_04918	24.749	299	209	5	33	319	23	317	6.52e-23	101
PENPO_0016_09052	ASPNI_0011_07733	25.301	332	205	11	13	310	7	329	6.81e-23	100
PENPO_0016_09052	PENPO_0003_03223	26.688	311	197	7	19	302	4	310	7.37e-23	103
PENPO_0016_09052	ASPKA_0143_09957	31.405	242	161	4	55	295	4	241	8.53e-23	100
PENPO_0016_09052	OIDMA_0008_08471	26.809	235	167	4	37	269	69	300	8.66e-23	100
PENPO_0016_09052	PENSU_0429_07978	30.128	312	188	9	11	301	16	318	1.08e-22	101
PENPO_0016_09052	PENCH_0037_10471	28.405	257	153	5	17	272	8	234	1.17e-22	101
PENPO_0016_09052	PENSU_0536_13970	30.830	253	143	9	33	277	40	268	1.38e-22	100
PENPO_0016_09052	PENRO_0002_03071	27.519	258	180	3	13	270	12	262	1.64e-22	100
PENPO_0016_09052	ASPLU_0045_12899	24.296	284	196	4	33	312	23	291	1.81e-22	100
PENPO_0016_09052	CORMI_0003_02892	30.233	258	165	6	29	279	21	270	2.09e-22	102
PENPO_0016_09052	DIPCO_0034_06359	28.344	314	214	7	17	325	96	403	2.35e-22	100
PENPO_0016_09052	ASPTE_0022_10114	29.795	292	183	7	24	299	4	289	2.80e-22	99.8
PENPO_0016_09052	STELY_0201_06897	23.602	322	226	8	19	329	20	332	3.18e-22	99.8
PENPO_0016_09052	OIDMA_0005_06509	28.959	221	153	3	51	269	128	346	3.77e-22	100
PENPO_0016_09052	PENAN_0037_09010	27.711	249	176	3	23	270	11	256	4.25e-22	99.4
PENPO_0016_09052	NEOFI_0257_06762	29.605	304	202	8	14	308	15	315	4.88e-22	99.0
PENPO_0016_09052	VALMA_0192_10527	24.742	291	189	7	28	300	33	311	5.10e-22	99.4
PENPO_0016_09052	ASPCA_0002_00526	27.273	253	178	4	33	281	29	279	6.76e-22	98.2
PENPO_0016_09052	PENVU_0017_05084	30.657	274	167	9	22	286	29	288	7.69e-22	98.6
PENPO_0016_09052	OIDMA_0001_02197	28.631	241	165	4	37	272	115	353	7.70e-22	99.4
PENPO_0016_09052	TALIS_0005_05273	27.273	330	204	10	12	329	5	310	8.04e-22	98.2
PENPO_0016_09052	PENFL_0001_00671	24.679	312	219	5	33	332	57	364	8.21e-22	98.6
PENPO_0016_09052	PENFR_0137_05689	29.286	280	165	7	26	277	15	289	8.74e-22	98.6
PENPO_0016_09052	PENEN_0101_07546	26.144	306	194	6	19	296	104	405	8.98e-22	100
PENPO_0016_09052	PENAR_0012_06964	23.193	332	230	5	33	341	23	352	1.02e-21	98.2
PENPO_0016_09052	PENFL_0038_08468	26.642	274	181	4	22	277	14	285	1.04e-21	98.2
PENPO_0016_09052	METMA_0183_10527	27.451	306	200	7	31	329	27	317	1.04e-21	98.2
PENPO_0016_09052	CORMI_0005_05493	25.249	301	196	7	29	302	64	362	1.12e-21	99.0
PENPO_0016_09052	MICGY_0003_03469	28.761	226	154	5	51	272	56	278	1.15e-21	97.8
PENPO_0016_09052	PYROM_0819_09773	29.339	242	159	5	33	270	22	255	1.18e-21	96.7
PENPO_0016_09052	ASPKA_0030_00292	26.198	313	209	9	26	322	33	339	1.22e-21	97.8
PENPO_0016_09052	ASPLU_0019_05742	27.642	246	167	3	81	319	5	246	1.39e-21	97.1
PENPO_0016_09052	ASPTE_0012_03459	26.774	310	207	3	6	296	7	315	1.45e-21	97.8
PENPO_0016_09052	ASPKA_0067_07193	25.694	288	195	3	22	291	7	293	1.46e-21	99.8
PENPO_0016_09052	PENSU_0466_10426	27.273	286	164	7	12	293	19	264	1.55e-21	96.7
PENPO_0016_09052	PENSU_0027_00348	32.143	196	113	5	33	224	27	206	1.79e-21	94.4
PENPO_0016_09052	PENVU_0032_07161	29.008	262	165	6	81	340	17	259	1.81e-21	96.3
PENPO_0016_09052	PENVU_0009_03430	27.303	304	198	5	19	302	4	304	1.83e-21	99.4
PENPO_0016_09052	ASPKA_0146_11050	23.203	306	210	5	19	303	12	313	1.92e-21	97.4
PENPO_0016_09052	VALMA_0033_04767	25.597	293	208	6	33	318	34	323	2.02e-21	97.8
PENPO_0016_09052	STELY_0201_06888	26.562	256	182	3	23	272	14	269	2.15e-21	97.1
PENPO_0016_09052	NEOFI_0246_01056	24.161	298	207	3	19	298	4	300	2.21e-21	99.0
PENPO_0016_09052	ASPCA_0029_14900	31.081	222	134	7	12	225	18	228	2.25e-21	94.4
PENPO_0016_09052	VALMA_0008_01866	25.623	281	196	6	24	295	17	293	2.28e-21	97.1
PENPO_0016_09052	PENFL_0006_02831	25.079	315	211	9	24	317	30	340	2.41e-21	97.1
PENPO_0016_09052	ARTOT_0008_07258	28.417	278	189	5	1	275	1	271	2.45e-21	97.4
PENPO_0016_09052	OIDMA_0024_15485	27.239	268	181	6	34	293	30	291	2.56e-21	97.1
PENPO_0016_09052	PENST_0001_00376	26.791	321	217	9	24	333	31	344	3.00e-21	97.1
PENPO_0016_09052	PENRO_0003_04622	29.492	295	189	7	18	301	10	296	3.31e-21	96.7
PENPO_0016_09052	PENAR_0005_03734	26.506	249	179	3	23	270	11	256	3.69e-21	96.7
PENPO_0016_09052	PENFR_0104_04718	27.687	307	204	9	22	317	51	350	3.79e-21	96.7
PENPO_0016_09052	TORHE_0002_03123	25.970	335	226	8	6	330	93	415	3.79e-21	97.4
PENPO_0016_09052	VALMA_0016_03039	27.385	325	207	11	10	317	20	332	4.01e-21	96.7
PENPO_0016_09052	PENEN_0114_08623	27.490	251	172	3	23	270	19	262	4.32e-21	96.3
PENPO_0016_09052	PENST_0003_02098	28.302	318	177	8	33	345	37	308	4.44e-21	96.3
PENPO_0016_09052	PENPO_0002_01954	27.124	306	207	8	22	317	27	326	4.50e-21	96.3
PENPO_0016_09052	ASPTE_0022_09532	26.446	242	174	3	30	270	16	254	4.77e-21	96.3
PENPO_0016_09052	PENFR_0042_02363	26.613	248	178	2	23	270	19	262	4.90e-21	96.3
PENPO_0016_09052	DIPCO_0021_04644	27.925	265	181	6	23	283	9	267	5.02e-21	96.7
PENPO_0016_09052	OIDMA_0026_15761	24.573	293	191	6	25	295	17	301	6.16e-21	95.1
PENPO_0016_09052	VALMA_0001_00041	25.157	318	222	7	39	345	1	313	6.46e-21	95.9
PENPO_0016_09052	ASPNI_0014_09694	26.351	296	195	6	23	298	17	309	6.63e-21	95.9
PENPO_0016_09052	PENAN_0001_00549	25.994	327	211	7	23	341	19	322	6.64e-21	95.5
PENPO_0016_09052	TALIS_0012_08940	26.888	331	207	10	24	329	22	342	6.90e-21	95.5
PENPO_0016_09052	METMA_0017_04371	25.000	252	183	3	33	282	34	281	7.80e-21	96.3
PENPO_0016_09052	PENPO_0021_09894	28.438	320	207	10	23	332	18	325	8.04e-21	95.1
PENPO_0016_09052	PENEN_0054_03595	27.309	249	167	4	81	329	5	239	9.43e-21	94.7
PENPO_0016_09052	OIDMA_0001_00037	27.306	271	166	6	37	294	71	323	1.00e-20	94.7
PENPO_0016_09052	ASPKA_0059_04062	24.556	338	245	6	26	359	23	354	1.01e-20	95.1
PENPO_0016_09052	ASPLU_0018_04800	24.556	338	245	6	26	359	23	354	1.01e-20	95.1
PENPO_0016_09052	VALMA_0007_01666	27.574	272	187	6	33	302	33	296	1.04e-20	95.1
PENPO_0016_09052	OIDMA_0029_15962	27.778	342	213	12	7	336	79	398	1.04e-20	95.9
PENPO_0016_09052	PENFL_0001_00441	25.595	336	207	9	17	345	9	308	1.11e-20	95.5
PENPO_0016_09052	ASPKA_0137_09102	23.794	311	224	6	30	335	16	318	1.12e-20	95.1
PENPO_0016_09052	PENSO_0233_04369	26.996	263	183	5	17	272	9	269	1.21e-20	95.1
PENPO_0016_09052	PENSO_0250_04688	28.854	253	172	6	22	270	27	275	1.21e-20	97.1
PENPO_0016_09052	ASPKA_0146_11411	27.236	246	168	3	81	319	25	266	1.28e-20	94.7
PENPO_0016_09052	PENRO_0003_05727	26.263	297	197	7	23	304	3	292	1.34e-20	95.1
PENPO_0016_09052	ASPNI_0001_00994	27.801	241	156	6	55	282	2	237	1.36e-20	94.7
PENPO_0016_09052	NEOFI_0259_09678	29.452	292	181	7	17	291	5	288	1.37e-20	94.7
PENPO_0016_09052	TALIS_0004_04487	28.866	194	135	3	81	272	75	267	1.40e-20	95.1
PENPO_0016_09052	PENCO_0001_00836	24.837	306	219	4	25	329	23	318	1.48e-20	94.7
PENPO_0016_09052	OIDMA_0001_00186	26.100	341	234	7	23	352	9	342	1.55e-20	94.7
PENPO_0016_09052	ASPKA_0046_01401	23.276	348	253	5	27	361	18	364	1.61e-20	94.7
PENPO_0016_09052	NEOFI_0256_06186	27.612	268	159	9	8	268	17	256	1.63e-20	94.4
PENPO_0016_09052	ASPKA_0055_03202	27.160	324	228	6	14	336	16	332	2.14e-20	94.4
PENPO_0016_09052	DIPCO_0008_02211	25.868	317	200	10	22	329	11	301	2.52e-20	94.4
PENPO_0016_09052	ASPNI_0013_08848	23.473	311	225	6	30	335	16	318	2.69e-20	94.0
PENPO_0016_09052	PENFL_0069_10045	30.952	210	139	4	26	234	15	219	3.20e-20	93.2
PENPO_0016_09052	DIPCO_0010_02551	30.000	240	155	5	41	272	53	287	3.69e-20	95.1
PENPO_0016_09052	ARTOL_0216_11459	25.828	302	216	5	23	322	47	342	4.10e-20	94.7
PENPO_0016_09052	ARTOL_0076_03774	25.510	294	207	6	13	297	27	317	4.68e-20	94.4
PENPO_0016_09052	ASPCA_0020_13847	24.839	310	210	8	34	327	20	322	4.73e-20	93.6
PENPO_0016_09052	ASPKA_0056_03312	25.714	280	196	5	23	293	17	293	5.52e-20	92.8
PENPO_0016_09052	ARTOL_0171_09034	30.102	196	127	4	81	267	92	286	6.77e-20	94.0
PENPO_0016_09052	ASPKA_0146_11055	25.085	295	199	7	13	295	5	289	7.22e-20	92.8
PENPO_0016_09052	VALMA_0086_07875	25.797	345	233	11	28	354	20	359	7.35e-20	93.2
PENPO_0016_09052	PENAR_0017_08248	26.014	296	197	7	19	294	4	297	7.60e-20	94.4
PENPO_0016_09052	OIDMA_0003_03853	26.423	246	179	2	29	272	19	264	7.64e-20	92.4
PENPO_0016_09052	OIDMA_0018_13994	25.776	322	224	7	19	333	61	374	7.69e-20	93.2
PENPO_0016_09052	OIDMA_0009_09662	23.643	258	191	5	38	292	117	371	7.70e-20	93.2
PENPO_0016_09052	PENRO_0007_11287	26.032	315	209	9	23	319	16	324	7.80e-20	92.4
PENPO_0016_09052	TALIS_0002_00988	25.574	305	215	6	23	321	95	393	8.44e-20	93.2
PENPO_0016_09052	PENPO_0005_04510	24.710	259	188	3	12	270	11	262	9.15e-20	92.4
PENPO_0016_09052	PENRO_0003_04661	29.185	233	151	5	6	234	34	256	1.06e-19	92.8
PENPO_0016_09052	PENFL_0005_02494	27.213	305	197	7	19	302	4	304	1.09e-19	94.0
PENPO_0016_09052	ASPNI_0007_04335	25.490	306	200	7	13	295	5	305	1.09e-19	92.4
PENPO_0016_09052	VALMA_0060_06621	23.585	318	227	7	16	326	21	329	1.27e-19	92.4
PENPO_0016_09052	DIPCO_0004_01226	25.402	311	220	5	31	330	57	366	1.29e-19	92.8
PENPO_0016_09052	ARTOL_0098_07493	24.496	347	231	10	7	341	14	341	1.30e-19	92.4
PENPO_0016_09052	PENCO_0002_02173	27.757	263	181	5	17	272	9	269	1.35e-19	92.4
PENPO_0016_09052	ASPKA_0039_00733	28.409	352	221	15	3	344	2	332	1.43e-19	91.7
PENPO_0016_09052	ASPLU_0039_12626	28.409	352	221	15	3	344	2	332	1.43e-19	91.7
PENPO_0016_09052	PENSU_0480_11617	25.263	285	202	5	19	293	7	290	1.44e-19	92.0
PENPO_0016_09052	NEOFI_0245_00158	25.781	256	149	4	22	277	15	229	1.61e-19	91.3
PENPO_0016_09052	ASPNI_0019_12736	26.335	281	196	5	39	309	141	420	1.65e-19	92.8
PENPO_0016_09052	PENST_0013_07070	27.243	301	192	9	24	306	16	307	1.69e-19	92.0
PENPO_0016_09052	TALIS_0010_08400	23.843	281	202	3	33	302	26	305	1.70e-19	91.7
PENPO_0016_09052	PENAR_0030_10301	30.182	275	181	7	24	290	24	295	1.74e-19	92.0
PENPO_0016_09052	DIPCO_0008_02005	26.692	266	184	7	12	272	93	352	1.82e-19	92.4
PENPO_0016_09052	OIDMA_0009_09513	27.097	310	197	10	46	342	39	332	1.84e-19	91.7
PENPO_0016_09052	PENAN_0011_04741	30.545	275	180	7	24	290	24	295	2.04e-19	91.7
PENPO_0016_09052	PENCH_0028_01668	25.939	293	192	8	24	308	28	303	2.10e-19	91.7
PENPO_0016_09052	PENFL_0001_00445	29.434	265	174	6	18	272	10	271	2.23e-19	91.7
PENPO_0016_09052	ASPCA_0003_02508	27.304	293	194	11	12	293	14	298	2.34e-19	91.3
PENPO_0016_09052	STELY_0196_06707	25.692	253	178	6	81	329	22	268	2.34e-19	92.8
PENPO_0016_09052	PENSO_0479_08619	28.125	288	189	7	14	294	9	285	2.45e-19	90.5
PENPO_0016_09052	ASPCA_0005_06104	25.979	281	191	6	29	295	80	357	2.45e-19	92.4
PENPO_0016_09052	ARTOT_0003_01573	27.083	288	171	8	14	284	4	269	2.78e-19	90.9
PENPO_0016_09052	PENST_0028_09708	26.332	319	213	11	23	331	14	320	3.06e-19	91.3
PENPO_0016_09052	ASPNI_0007_05040	28.339	307	198	11	41	335	147	443	3.08e-19	92.0
PENPO_0016_09052	VALMA_0070_07179	25.641	273	179	7	18	270	14	282	3.23e-19	91.3
PENPO_0016_09052	VALMA_0005_01124	27.962	211	143	4	79	284	6	212	3.73e-19	89.4
PENPO_0016_09052	PENCO_0002_02177	27.652	264	180	4	18	272	10	271	4.29e-19	90.5
PENPO_0016_09052	PENCH_0034_08598	25.301	249	182	3	23	270	12	257	4.82e-19	90.5
PENPO_0016_09052	PENSU_0394_06854	24.471	331	235	7	23	342	14	340	4.87e-19	90.5
PENPO_0016_09052	PYROM_1524_13020	24.138	348	230	9	15	339	13	349	5.03e-19	90.5
PENPO_0016_09052	VALMA_0095_08296	24.031	258	187	5	18	272	2	253	5.49e-19	90.9
PENPO_0016_09052	PENFR_0001_00060	28.324	173	123	1	111	282	52	224	5.60e-19	87.8
PENPO_0016_09052	ASPCA_0019_13782	29.393	313	199	11	41	341	138	440	5.72e-19	91.3
PENPO_0016_09052	PENSO_0259_04856	26.506	249	179	3	23	270	12	257	6.12e-19	90.1
PENPO_0016_09052	PENSU_0496_12414	28.704	216	146	5	14	225	10	221	6.13e-19	87.8
PENPO_0016_09052	PENPO_0004_03779	26.506	249	179	3	23	270	12	257	6.30e-19	90.1
PENPO_0016_09052	PENFR_0494_10661	26.506	249	179	3	23	270	12	257	6.80e-19	90.1
PENPO_0016_09052	ASPLU_0019_06148	29.592	196	127	5	106	295	62	252	7.02e-19	89.4
PENPO_0016_09052	ARTOL_0005_00023	26.333	300	202	10	29	313	105	400	7.11e-19	90.9
PENPO_0016_09052	PENAN_0036_08926	27.907	215	152	3	69	281	23	236	7.39e-19	89.7
PENPO_0016_09052	PENAR_0017_08351	26.222	225	162	4	108	329	99	322	7.48e-19	89.7
PENPO_0016_09052	TALIS_0004_04250	28.395	324	205	12	8	311	110	426	8.01e-19	91.3
PENPO_0016_09052	ASPCA_0005_06025	28.832	274	178	8	55	326	63	321	8.22e-19	90.1
PENPO_0016_09052	ASPTE_0022_09552	25.651	269	177	5	24	290	32	279	9.09e-19	89.7
PENPO_0016_09052	ASPCA_0010_10729	26.513	347	221	10	23	344	3	340	9.63e-19	89.7
PENPO_0016_09052	TALIS_0004_04411	26.644	289	208	4	13	298	5	292	9.89e-19	89.4
PENPO_0016_09052	DIPCO_0002_00521	29.317	249	162	8	41	282	42	283	1.02e-18	89.0
PENPO_0016_09052	DIPCO_0002_00311	24.768	323	220	11	22	329	34	348	1.07e-18	90.1
PENPO_0016_09052	PENEN_0132_09592	24.012	329	229	6	24	351	15	323	1.18e-18	89.0
PENPO_0016_09052	STELY_0105_01298	24.148	352	239	9	12	345	102	443	1.18e-18	90.5
PENPO_0016_09052	ASPNI_0008_05531	26.800	250	165	5	97	341	60	296	1.25e-18	88.6
PENPO_0016_09052	ASPCA_0033_15165	24.916	297	199	6	24	302	30	320	1.29e-18	89.4
PENPO_0016_09052	OIDMA_0002_02784	24.161	298	215	5	33	327	29	318	1.31e-18	89.4
PENPO_0016_09052	ASPCA_0006_07148	27.419	248	163	6	37	274	39	279	1.32e-18	89.4
PENPO_0016_09052	NEOFI_0256_06352	24.199	281	201	4	23	294	10	287	1.32e-18	89.0
PENPO_0016_09052	VALMA_0102_08565	24.759	311	222	8	14	317	13	318	1.37e-18	89.4
PENPO_0016_09052	DIPCO_0076_09819	26.056	284	197	5	7	279	2	283	1.45e-18	89.7
PENPO_0016_09052	ARTOL_0111_08348	23.106	264	182	6	23	272	26	282	1.53e-18	89.4
PENPO_0016_09052	METMA_0343_11197	23.913	322	208	9	3	289	2	321	1.55e-18	89.4
PENPO_0016_09052	ASPNI_0014_09690	27.273	242	151	3	32	272	20	237	1.55e-18	88.2
PENPO_0016_09052	PENSO_0398_06737	27.273	209	151	1	43	251	37	244	1.80e-18	87.0
PENPO_0016_09052	OIDMA_0005_06652	29.630	243	164	5	33	272	20	258	1.89e-18	87.0
PENPO_0016_09052	PENAR_0001_00756	24.828	290	211	4	25	311	24	309	1.92e-18	89.0
PENPO_0016_09052	PENST_0001_00327	26.144	306	211	8	13	307	11	312	2.02e-18	88.6
PENPO_0016_09052	PENFR_0011_00751	27.178	287	201	5	27	311	18	298	2.03e-18	88.6
PENPO_0016_09052	ASPCA_0034_15183	25.628	199	146	2	81	277	45	243	2.06e-18	89.4
PENPO_0016_09052	OIDMA_0013_11700	26.937	271	181	9	33	295	112	373	2.45e-18	89.0
PENPO_0016_09052	ASPLU_0037_12337	27.200	250	164	5	97	341	60	296	2.50e-18	87.8
PENPO_0016_09052	PENVU_0014_04402	29.482	251	172	5	24	272	27	274	2.57e-18	88.6
PENPO_0016_09052	MICGY_0002_01181	22.977	309	214	9	13	311	15	309	2.85e-18	88.6
PENPO_0016_09052	PENSO_0522_10044	27.178	287	201	5	27	311	18	298	3.10e-18	87.8
PENPO_0016_09052	PENST_0009_05464	24.832	298	203	6	24	302	16	311	3.17e-18	88.2
PENPO_0016_09052	ASPLU_0017_04236	27.437	277	153	8	6	272	2	240	3.34e-18	87.4
PENPO_0016_09052	ASPKA_0048_01765	25.225	333	219	8	21	341	16	330	3.52e-18	87.8
PENPO_0016_09052	STELY_0122_02539	29.050	179	114	5	106	279	61	231	3.56e-18	87.4
PENPO_0016_09052	DIPCO_0063_09076	25.228	329	229	8	24	340	28	351	3.62e-18	88.6
PENPO_0016_09052	PENCH_0029_03462	28.679	265	176	6	18	272	10	271	3.90e-18	87.8
PENPO_0016_09052	PENEN_0045_03175	25.301	249	182	3	23	270	12	257	4.21e-18	87.8
PENPO_0016_09052	PENRO_0009_11765	23.677	359	249	10	17	362	8	354	4.49e-18	87.8
PENPO_0016_09052	ASPLU_0024_09386	22.965	344	225	6	24	329	27	368	5.40e-18	87.8
PENPO_0016_09052	PENRO_0006_10169	26.923	286	172	10	36	301	108	376	5.78e-18	87.8
PENPO_0016_09052	ASPNI_0011_07653	29.697	165	113	2	107	269	95	258	5.86e-18	86.7
PENPO_0016_09052	TORHE_0006_08999	24.643	280	194	8	23	294	20	290	5.88e-18	87.4
PENPO_0016_09052	METMA_0066_08194	22.605	261	191	2	23	272	23	283	6.15e-18	87.8
PENPO_0016_09052	ASPCA_0003_01722	28.148	270	171	8	55	314	132	388	6.20e-18	87.8
PENPO_0016_09052	ASPCA_0028_14857	23.897	272	175	7	48	309	49	298	6.34e-18	87.0
PENPO_0016_09052	ASPNI_0013_09005	22.767	347	229	9	11	329	16	351	6.42e-18	87.4
PENPO_0016_09052	TORHE_0007_10121	26.236	263	183	5	12	267	23	281	6.72e-18	87.4
PENPO_0016_09052	TORHE_0008_10650	23.003	313	233	6	33	341	43	351	6.90e-18	87.0
PENPO_0016_09052	PENVU_0004_02043	27.208	283	185	6	7	279	2	273	7.02e-18	86.7
PENPO_0016_09052	PENFL_0011_04102	24.900	249	183	3	23	270	41	286	8.12e-18	87.0
PENPO_0016_09052	ASPCA_0007_07781	23.926	326	232	7	14	333	13	328	8.18e-18	87.0
PENPO_0016_09052	PENAN_0003_01623	27.354	223	150	4	110	320	90	312	8.34e-18	86.7
PENPO_0016_09052	PENSO_0326_05718	25.070	359	247	11	17	362	7	356	8.51e-18	87.0
PENPO_0016_09052	STELY_0124_02651	32.961	179	117	3	107	283	29	206	8.74e-18	87.4
PENPO_0016_09052	ASPCA_0004_03819	24.315	292	200	4	19	291	4	293	8.80e-18	88.2
PENPO_0016_09052	ASPKA_0032_00362	25.000	320	222	7	23	327	29	345	9.06e-18	87.0
PENPO_0016_09052	ASPKA_0063_05388	22.680	291	191	6	24	301	24	293	9.93e-18	85.9
PENPO_0016_09052	PENFL_0054_09550	26.117	291	199	7	36	313	108	395	1.04e-17	87.0
PENPO_0016_09052	MICGY_0003_02500	26.646	319	196	6	13	317	12	306	1.13e-17	86.3
PENPO_0016_09052	PENPO_0006_05372	26.829	287	202	5	27	311	18	298	1.21e-17	86.3
PENPO_0016_09052	ARTOL_0044_02575	26.059	307	205	11	13	303	48	348	1.25e-17	86.7
PENPO_0016_09052	DIPCO_0002_00445	25.000	300	208	8	12	299	55	349	1.31e-17	87.0
PENPO_0016_09052	CORMI_0007_08010	24.199	281	194	6	33	296	114	392	1.33e-17	87.0
PENPO_0016_09052	ASPLU_0007_01484	28.899	218	144	5	12	223	10	222	1.48e-17	84.0
PENPO_0016_09052	PENSO_0277_05095	26.316	190	137	1	81	270	9	195	1.51e-17	85.1
PENPO_0016_09052	STELY_0170_05897	26.113	337	220	10	23	338	33	361	1.63e-17	86.7
PENPO_0016_09052	ASPTE_0015_05458	22.680	291	189	4	27	313	20	278	1.64e-17	85.9
PENPO_0016_09052	ASPLU_0012_03313	25.182	274	164	4	26	277	29	283	1.67e-17	85.9
PENPO_0016_09052	PENAR_0006_04017	26.846	298	207	7	23	314	3	295	1.93e-17	86.3
PENPO_0016_09052	NEOFI_0255_05525	28.655	171	113	3	106	270	66	233	2.02e-17	85.1
PENPO_0016_09052	PENRO_0002_01746	24.832	298	201	6	19	296	4	298	2.18e-17	87.0
PENPO_0016_09052	STELY_0281_08943	28.512	242	165	4	57	291	40	280	2.18e-17	85.5
PENPO_0016_09052	PENCH_0028_02019	25.697	323	197	7	19	302	4	322	2.25e-17	87.0
