PENPO_0016_09050	PENPO_0016_09050	100.000	506	0	0	1	506	1	506	0.0	1058
PENPO_0016_09050	PENFR_0134_05624	99.209	506	4	0	1	506	1	506	0.0	1051
PENPO_0016_09050	PENSO_0198_03392	98.814	506	6	0	1	506	1	506	0.0	1049
PENPO_0016_09050	TALIS_0004_04489	93.281	506	34	0	1	506	4	509	0.0	999
PENPO_0016_09050	PENSO_0198_03398	42.737	475	271	1	32	506	19	492	1.40e-146	432
PENPO_0016_09050	PENPO_0016_09044	42.737	475	271	1	32	506	19	492	2.43e-146	431
PENPO_0016_09050	TALIS_0004_04490	41.895	475	275	1	32	506	19	492	7.21e-146	430
PENPO_0016_09050	NEOFI_0258_08957	40.637	502	259	7	30	506	23	510	7.51e-127	382
PENPO_0016_09050	PENEN_0003_00189	37.747	506	276	7	25	505	10	501	2.39e-120	365
PENPO_0016_09050	PENAN_0039_09176	37.778	495	290	6	25	505	15	505	3.91e-119	362
PENPO_0016_09050	PENST_0039_10212	38.142	506	274	7	25	505	18	509	8.76e-119	361
PENPO_0016_09050	PENSU_0437_08490	37.372	487	288	5	34	506	26	509	2.37e-115	352
PENPO_0016_09050	PENAR_0008_05350	35.306	507	299	6	25	505	20	523	1.39e-112	346
PENPO_0016_09050	PENCO_0006_05102	37.349	498	291	8	25	505	15	508	4.33e-112	344
PENPO_0016_09050	ASPTE_0022_09590	37.910	488	285	5	33	505	350	834	6.01e-112	360
PENPO_0016_09050	OIDMA_0021_14662	35.388	503	304	5	16	506	5	498	5.80e-107	330
PENPO_0016_09050	DIPCO_0047_07782	34.495	545	289	10	25	505	23	563	4.42e-106	330
PENPO_0016_09050	PENPO_0001_00663	36.025	483	280	7	27	495	22	489	2.89e-104	326
PENPO_0016_09050	OIDMA_0020_14500	33.932	501	307	5	25	505	19	515	4.67e-104	323
PENPO_0016_09050	DIPCO_0007_01834	35.611	483	287	7	31	505	30	496	1.22e-103	322
PENPO_0016_09050	ASPTE_0017_06834	34.686	493	300	8	31	505	26	514	3.09e-101	317
PENPO_0016_09050	TALIS_0008_06904	33.000	500	315	5	26	505	22	521	7.43e-101	316
PENPO_0016_09050	ARTOL_0111_08263	35.124	484	292	4	35	505	22	496	1.11e-99	312
PENPO_0016_09050	PENEN_0039_02721	32.460	496	317	5	27	506	22	515	2.67e-99	311
PENPO_0016_09050	TORHE_0003_04299	34.280	493	309	7	27	505	21	512	1.27e-98	309
PENPO_0016_09050	ARTOL_0079_05191	34.792	480	297	4	36	505	24	497	1.01e-97	307
PENPO_0016_09050	PENCH_0029_05045	34.829	468	289	7	41	499	23	483	1.06e-96	304
PENPO_0016_09050	PENSU_0104_02292	33.891	478	299	5	40	505	38	510	1.91e-96	304
PENPO_0016_09050	PENAR_0029_10253	34.004	497	294	8	15	492	6	487	5.73e-96	302
PENPO_0016_09050	PENEN_0118_08858	33.066	499	287	7	27	506	26	496	6.83e-96	302
PENPO_0016_09050	PYROM_0118_00281	33.195	482	308	6	31	506	86	559	1.02e-95	303
PENPO_0016_09050	PENFR_0134_05618	40.058	342	204	1	165	506	1	341	1.62e-95	296
PENPO_0016_09050	DIPCO_0013_03071	31.907	514	325	5	16	505	10	522	2.29e-95	301
PENPO_0016_09050	PYROM_0354_04932	32.863	496	311	7	21	505	29	513	2.53e-95	301
PENPO_0016_09050	PENRO_0003_06783	31.893	486	313	5	37	506	33	516	2.80e-95	301
PENPO_0016_09050	PENCO_0011_07660	31.313	495	324	4	27	506	22	515	6.93e-95	300
PENPO_0016_09050	ASPLU_0018_05138	32.992	488	307	7	34	504	29	513	1.66e-94	299
PENPO_0016_09050	PENST_0014_07503	33.992	506	304	10	21	506	7	502	3.59e-94	298
PENPO_0016_09050	STELY_0102_01023	32.305	486	309	5	37	506	26	507	4.95e-94	297
PENPO_0016_09050	PENFL_0060_09786	33.267	502	309	7	21	505	7	499	7.93e-94	297
PENPO_0016_09050	PENCH_0030_06248	31.276	486	316	5	37	506	33	516	1.16e-93	297
PENPO_0016_09050	PENPO_0006_05142	34.337	498	303	10	25	503	20	512	3.77e-93	295
PENPO_0016_09050	NEOFI_0259_09832	32.122	523	333	8	2	505	1	520	9.93e-93	295
PENPO_0016_09050	PENAN_0002_00979	33.794	506	310	10	20	504	10	511	1.27e-92	294
PENPO_0016_09050	PENSO_0505_09589	31.667	480	312	5	41	506	36	513	1.32e-92	294
PENPO_0016_09050	ASPCA_0013_12215	36.384	437	249	7	95	505	110	543	1.40e-92	295
PENPO_0016_09050	VALMA_0056_06365	39.211	380	229	2	66	445	1	378	1.41e-92	289
PENPO_0016_09050	PENST_0020_08725	31.727	498	308	5	29	495	25	521	2.30e-92	294
PENPO_0016_09050	PENVU_0049_08473	32.929	495	312	7	25	505	11	499	4.25e-92	292
PENPO_0016_09050	PENCO_0003_03017	33.333	501	303	10	25	503	20	511	4.93e-92	293
PENPO_0016_09050	VALMA_0002_00374	32.323	495	310	10	29	505	19	506	1.01e-91	291
PENPO_0016_09050	VALMA_0021_03588	31.660	518	303	9	31	498	27	543	1.08e-91	293
PENPO_0016_09050	PENAR_0043_11142	33.814	485	285	7	27	476	21	504	1.44e-91	292
PENPO_0016_09050	ASPCA_0007_07789	33.267	499	312	10	21	505	16	507	1.58e-91	291
PENPO_0016_09050	PENPO_0002_02572	32.403	466	299	5	41	492	36	499	3.37e-91	290
PENPO_0016_09050	PENVU_0051_08650	31.727	498	322	5	25	505	18	514	5.02e-91	290
PENPO_0016_09050	PENCO_0002_01794	34.728	478	290	7	41	505	32	500	2.34e-90	288
PENPO_0016_09050	ASPTE_0011_03108	32.735	446	282	5	72	506	13	451	7.03e-90	285
PENPO_0016_09050	TORHE_0003_04300	33.268	508	315	7	17	506	3	504	1.17e-89	286
PENPO_0016_09050	PENSO_0196_03300	36.456	395	232	6	126	504	2	393	1.80e-89	282
PENPO_0016_09050	PENFL_0059_09752	33.871	496	305	11	25	502	20	510	2.22e-89	286
PENPO_0016_09050	ASPKA_0064_06068	32.582	488	298	8	34	504	29	502	2.42e-89	285
PENPO_0016_09050	DIPCO_0039_06986	32.129	498	321	8	12	506	1	484	2.52e-89	285
PENPO_0016_09050	STELY_0097_00192	33.922	510	300	9	29	506	1818	2322	1.23e-88	300
PENPO_0016_09050	ASPKA_0067_07662	31.176	510	320	11	11	506	17	509	1.70e-88	283
PENPO_0016_09050	PENST_0002_01852	32.008	503	308	11	25	506	18	507	2.77e-88	283
PENPO_0016_09050	OIDMA_0007_07967	31.298	524	324	9	16	505	10	531	3.17e-88	283
PENPO_0016_09050	PENCH_0034_07748	33.333	477	290	8	21	479	7	473	5.31e-88	282
PENPO_0016_09050	PENEN_0070_04511	33.400	503	309	9	25	506	20	517	7.64e-88	281
PENPO_0016_09050	OIDMA_0010_09805	33.262	469	287	8	24	478	16	472	1.12e-87	281
PENPO_0016_09050	PENPO_0014_08695	31.984	494	316	6	30	505	23	514	5.38e-87	279
PENPO_0016_09050	PENST_0038_10199	33.951	486	290	11	38	505	34	506	7.56e-87	279
PENPO_0016_09050	PENAR_0002_01577	32.158	482	301	8	41	505	30	502	8.62e-87	278
PENPO_0016_09050	PENRO_0007_10814	32.049	493	316	6	30	505	23	513	1.24e-86	278
PENPO_0016_09050	TALIS_0014_09576	32.573	482	294	12	20	488	22	485	2.47e-86	277
PENPO_0016_09050	PENVU_0055_08830	33.398	515	315	12	5	502	4	507	1.25e-85	276
PENPO_0016_09050	PENRO_0006_10057	32.427	515	307	11	25	503	20	529	1.64e-85	276
PENPO_0016_09050	PENFL_0024_06835	33.947	489	302	9	31	505	31	512	2.40e-85	275
PENPO_0016_09050	PENSO_0504_09566	31.845	515	329	6	9	505	1	511	2.50e-85	275
PENPO_0016_09050	PENFR_0002_00154	32.151	451	290	5	41	477	36	484	3.22e-85	274
PENPO_0016_09050	PENCH_0028_02007	32.613	509	321	7	15	505	10	514	3.28e-85	275
PENPO_0016_09050	ASPNI_0003_02648	31.346	520	303	8	25	504	20	525	4.29e-85	275
PENPO_0016_09050	OIDMA_0017_13588	32.347	473	305	7	15	482	2	464	8.74e-85	272
PENPO_0016_09050	PENPO_0003_03213	32.108	517	325	9	9	505	1	511	1.51e-84	273
PENPO_0016_09050	PENEN_0118_08868	33.667	499	307	10	21	505	24	512	2.45e-84	272
PENPO_0016_09050	ARTOT_0004_03899	31.400	500	322	7	25	505	24	521	3.62e-84	272
PENPO_0016_09050	PENVU_0001_00358	33.538	489	304	9	31	505	31	512	4.13e-84	272
PENPO_0016_09050	OIDMA_0045_16539	29.046	482	324	6	30	506	25	493	5.66e-84	271
PENPO_0016_09050	PENAR_0006_04229	30.862	499	325	7	25	505	27	523	7.56e-84	271
PENPO_0016_09050	VALMA_0089_08040	31.589	516	322	10	12	505	18	524	1.02e-83	271
PENPO_0016_09050	STELY_0097_00189	32.121	495	318	6	20	504	7	493	1.69e-83	270
PENPO_0016_09050	MICGY_0008_07784	32.558	473	300	7	36	491	32	502	1.70e-83	270
PENPO_0016_09050	STELY_0146_04457	33.194	479	288	11	25	476	19	492	1.81e-83	270
PENPO_0016_09050	OIDMA_0012_11113	31.855	496	309	8	35	505	28	519	2.97e-83	270
PENPO_0016_09050	METMA_0008_02405	31.020	490	315	7	35	506	25	509	3.13e-83	270
PENPO_0016_09050	PENPO_0003_02814	30.512	508	328	8	23	506	11	517	8.17e-83	268
PENPO_0016_09050	PENAN_0010_04257	32.193	497	315	6	27	505	21	513	1.52e-82	268
PENPO_0016_09050	TORHE_0003_04428	30.528	511	332	7	11	505	9	512	1.76e-82	268
PENPO_0016_09050	PENAR_0017_08239	32.193	497	315	6	27	505	22	514	2.01e-82	267
PENPO_0016_09050	ASPCA_0029_14887	31.600	500	295	13	15	495	14	485	3.25e-82	266
PENPO_0016_09050	PENST_0012_06804	31.746	504	322	6	21	506	18	517	3.85e-82	267
PENPO_0016_09050	VALMA_0029_04451	30.693	505	315	8	29	506	42	538	4.31e-82	267
PENPO_0016_09050	NEOFI_0257_07122	31.846	493	312	10	28	505	15	498	6.78e-82	266
PENPO_0016_09050	PENSU_0072_01407	32.460	496	291	12	40	504	35	517	7.77e-82	266
PENPO_0016_09050	PENRO_0002_01759	31.827	509	325	8	15	505	7	511	9.87e-82	266
PENPO_0016_09050	PENFL_0043_08917	30.279	502	329	6	24	505	13	513	1.44e-81	265
PENPO_0016_09050	STELY_0254_08278	33.533	501	287	11	29	499	27	511	1.51e-81	271
PENPO_0016_09050	PENST_0008_05225	30.830	506	316	11	20	505	8	499	1.70e-81	265
PENPO_0016_09050	PENRO_0006_10457	32.329	498	326	7	16	505	85	579	1.71e-81	275
PENPO_0016_09050	PENSO_0442_07386	32.738	504	298	11	25	492	20	518	2.14e-81	275
PENPO_0016_09050	PENSO_0408_06938	29.921	508	331	8	23	506	11	517	2.53e-81	265
PENPO_0016_09050	ASPNI_0007_04769	32.121	495	322	9	17	505	6	492	3.61e-81	264
PENPO_0016_09050	PENSO_0232_04310	30.326	521	316	7	30	505	23	541	4.13e-81	265
PENPO_0016_09050	PENFR_0296_08807	30.392	510	331	8	16	506	13	517	4.31e-81	264
PENPO_0016_09050	PENFL_0002_01140	30.103	485	308	8	41	505	29	502	9.82e-81	263
PENPO_0016_09050	TALIS_0006_06138	34.375	448	271	8	44	482	166	599	1.37e-80	275
PENPO_0016_09050	PENSO_0040_00497	31.743	482	308	8	23	492	38	510	3.78e-80	262
PENPO_0016_09050	ASPLU_0019_05743	30.101	495	322	10	22	505	11	492	1.54e-79	259
PENPO_0016_09050	ASPKA_0146_11410	30.101	495	322	10	22	505	11	492	1.54e-79	259
PENPO_0016_09050	PENPO_0006_05670	32.230	453	289	9	61	505	1	443	1.56e-79	258
PENPO_0016_09050	PENCH_0029_03856	30.255	509	328	8	22	506	10	515	2.13e-79	259
PENPO_0016_09050	VALMA_0122_09235	30.339	501	308	8	15	485	5	494	3.10e-79	268
PENPO_0016_09050	PENSU_0109_02480	31.789	475	268	9	21	476	7	444	4.56e-79	256
PENPO_0016_09050	TALIS_0003_03449	31.626	449	284	9	41	480	42	476	5.99e-79	258
PENPO_0016_09050	TALIS_0007_06481	31.263	483	315	7	36	505	23	501	6.54e-79	258
PENPO_0016_09050	TORHE_0003_03468	32.377	488	296	10	41	506	31	506	7.30e-79	258
PENPO_0016_09050	OIDMA_0022_15016	32.323	495	314	9	25	505	16	503	2.17e-78	256
PENPO_0016_09050	ASPCA_0007_07780	31.020	490	304	10	20	494	27	497	2.64e-78	256
PENPO_0016_09050	PENVU_0059_09028	30.081	492	325	9	21	500	17	501	7.00e-78	256
PENPO_0016_09050	ASPTE_0012_03523	31.225	506	323	9	14	506	8	501	7.72e-78	255
PENPO_0016_09050	PENST_0026_09484	29.485	485	320	7	41	506	34	515	7.83e-78	255
PENPO_0016_09050	PENFR_0086_04079	31.533	463	297	6	61	505	4	464	1.07e-77	254
PENPO_0016_09050	DIPCO_0020_04371	32.039	515	297	10	37	505	20	527	1.20e-77	255
PENPO_0016_09050	ASPCA_0007_08206	32.454	493	312	10	27	505	22	507	1.23e-77	255
PENPO_0016_09050	PENFL_0005_02501	31.456	515	310	8	9	505	4	493	1.56e-77	254
PENPO_0016_09050	PENVU_0009_03417	31.515	495	317	7	29	505	21	511	1.76e-77	254
PENPO_0016_09050	ASPTE_0013_03926	29.814	483	321	6	41	505	42	524	2.44e-77	254
PENPO_0016_09050	PENAR_0010_06161	32.762	467	305	8	38	498	29	492	2.87e-77	259
PENPO_0016_09050	PENSU_0394_06756	31.982	444	259	11	80	505	17	435	1.31e-75	247
PENPO_0016_09050	PENFL_0050_09332	30.698	430	280	5	37	450	33	460	2.15e-75	248
PENPO_0016_09050	CORMI_0003_03101	29.615	493	309	8	41	505	28	510	4.22e-75	256
PENPO_0016_09050	PENCH_0028_01255	32.233	515	305	15	5	494	4	499	7.53e-75	248
PENPO_0016_09050	PENST_0018_08329	30.019	513	327	10	15	505	2	504	1.25e-74	247
PENPO_0016_09050	PENSU_0281_05387	32.311	489	281	15	38	505	41	500	1.52e-74	246
PENPO_0016_09050	ASPCA_0002_00103	29.482	502	318	12	26	506	16	502	1.79e-74	246
PENPO_0016_09050	ASPNI_0003_01780	29.936	471	312	8	25	486	25	486	2.17e-74	246
PENPO_0016_09050	PENCO_0002_02392	29.730	481	309	10	25	491	23	488	6.08e-74	245
PENPO_0016_09050	TORHE_0002_01680	29.938	481	311	9	22	482	6	480	1.06e-73	244
PENPO_0016_09050	ASPCA_0006_06713	32.821	390	247	6	120	495	5	393	5.79e-73	239
PENPO_0016_09050	ASPKA_0134_08907	29.211	469	315	7	25	485	26	485	9.56e-73	242
PENPO_0016_09050	PENCO_0012_07880	31.041	509	308	9	15	505	10	493	9.70e-73	241
PENPO_0016_09050	ASPLU_0015_03439	29.025	472	315	7	25	485	26	488	2.27e-72	241
PENPO_0016_09050	PENAN_0004_01952	32.553	427	259	7	41	447	35	452	6.09e-72	238
PENPO_0016_09050	ASPLU_0026_10200	28.627	510	304	12	11	506	62	525	1.34e-71	239
PENPO_0016_09050	PENFR_0142_05810	32.941	425	261	10	78	494	21	429	1.36e-71	238
PENPO_0016_09050	METMA_0019_04760	30.472	466	304	8	25	476	18	477	1.73e-71	239
PENPO_0016_09050	PENSO_0270_05013	30.364	494	303	11	21	505	10	471	2.65e-71	237
PENPO_0016_09050	PENSU_0388_06657	31.461	445	290	7	13	448	15	453	1.52e-70	235
PENPO_0016_09050	ASPCA_0014_12600	29.518	498	324	7	27	505	19	508	3.87e-70	235
PENPO_0016_09050	PENRO_0007_11130	30.802	474	297	10	24	480	10	469	6.28e-70	234
PENPO_0016_09050	PENFR_0052_02778	29.608	510	315	13	28	505	34	531	1.45e-69	234
PENPO_0016_09050	PENFL_0090_10456	30.480	479	299	10	22	480	5	469	1.64e-69	233
PENPO_0016_09050	VALMA_0046_05759	30.604	513	310	9	21	505	13	507	2.78e-69	233
PENPO_0016_09050	TALIS_0002_00506	30.676	414	271	7	25	432	28	431	4.34e-69	230
PENPO_0016_09050	DIPCO_0014_03375	30.572	507	322	12	25	506	28	529	4.35e-69	233
PENPO_0016_09050	PENFL_0019_05966	28.726	463	316	7	27	485	14	466	5.09e-69	231
PENPO_0016_09050	DIPCO_0075_09739	31.084	489	291	15	27	483	25	499	8.30e-69	232
PENPO_0016_09050	DIPCO_0021_04643	29.783	507	321	14	18	505	12	502	9.22e-69	231
PENPO_0016_09050	PENPO_0011_07865	29.412	510	316	13	28	505	34	531	1.89e-68	231
PENPO_0016_09050	PENRO_0003_04865	28.092	477	307	7	24	491	22	471	1.94e-68	230
PENPO_0016_09050	PENSO_0080_01281	29.423	537	330	15	2	505	11	531	4.32e-68	230
PENPO_0016_09050	OIDMA_0003_04563	29.980	507	324	9	20	505	17	513	8.53e-68	229
PENPO_0016_09050	ASPTE_0017_06358	31.193	436	284	7	21	445	19	449	1.14e-67	227
PENPO_0016_09050	PENSU_0385_06629	33.168	404	248	7	120	505	10	409	3.19e-67	224
PENPO_0016_09050	PENCO_0006_05339	29.077	509	313	14	27	506	48	537	2.25e-66	226
PENPO_0016_09050	PENCH_0030_06332	28.698	453	311	5	36	484	21	465	4.48e-66	224
PENPO_0016_09050	PENVU_0001_00339	28.797	507	331	12	20	506	41	537	1.12e-65	224
PENPO_0016_09050	PENFR_0004_00303	32.426	404	251	7	120	505	10	409	2.38e-65	219
PENPO_0016_09050	ASPNI_0013_08846	30.687	466	292	12	28	476	28	479	2.45e-65	223
PENPO_0016_09050	PENEN_0084_05999	29.560	477	309	11	40	505	33	493	2.64e-65	222
PENPO_0016_09050	PENAR_0043_11141	29.369	412	266	5	106	498	50	455	2.93e-65	221
PENPO_0016_09050	VALMA_0002_00380	31.313	495	303	15	22	496	28	505	3.16e-65	229
PENPO_0016_09050	OIDMA_0026_15727	29.528	508	314	14	27	505	13	505	3.69e-65	222
PENPO_0016_09050	PENAN_0037_09011	28.770	504	320	14	15	493	15	504	3.84e-65	222
PENPO_0016_09050	ASPLU_0040_12661	29.638	469	277	11	43	503	33	456	4.26e-65	222
PENPO_0016_09050	NEOFI_0256_06353	28.854	506	319	15	15	493	15	506	5.11e-65	222
PENPO_0016_09050	ASPKA_0137_09103	29.495	495	316	13	15	490	15	495	5.98e-65	221
PENPO_0016_09050	ASPLU_0009_02429	29.495	495	316	13	15	490	15	495	5.98e-65	221
PENPO_0016_09050	PYROM_1524_13021	30.567	494	306	15	32	505	37	513	7.36e-65	221
PENPO_0016_09050	PENST_0002_01453	28.266	467	320	6	27	487	29	486	9.95e-65	220
PENPO_0016_09050	PENVU_0029_06842	29.314	423	280	7	78	491	3	415	6.43e-64	216
PENPO_0016_09050	PENAR_0030_10338	27.463	477	318	13	24	478	18	488	1.45e-63	218
PENPO_0016_09050	METMA_0198_10620	30.203	394	259	6	72	459	3	386	2.65e-63	214
PENPO_0016_09050	PENCO_0002_01873	29.892	465	304	6	22	476	8	460	4.89e-63	216
PENPO_0016_09050	PENFL_0011_04101	28.600	493	316	14	17	490	20	495	6.22e-63	216
PENPO_0016_09050	PENAR_0005_03733	28.827	503	315	15	17	493	20	505	1.59e-62	215
PENPO_0016_09050	PENFR_0494_10660	28.515	505	321	14	15	493	15	505	1.86e-62	215
PENPO_0016_09050	VALMA_0081_07701	31.280	422	243	9	74	476	10	403	2.37e-62	213
PENPO_0016_09050	PENSU_0069_01227	27.254	477	302	12	20	476	14	465	2.66e-62	213
PENPO_0016_09050	PENPO_0004_03780	28.827	503	315	15	17	493	20	505	2.86e-62	214
PENPO_0016_09050	PENSO_0259_04857	28.827	503	315	15	17	493	20	505	2.86e-62	214
PENPO_0016_09050	ASPLU_0007_00989	29.622	476	318	7	20	488	2	467	7.45e-62	213
PENPO_0016_09050	ASPKA_0036_00570	29.622	476	318	7	20	488	2	467	7.45e-62	213
PENPO_0016_09050	DIPCO_0064_09132	32.832	399	246	9	78	466	20	406	2.42e-61	209
PENPO_0016_09050	OIDMA_0001_01571	28.033	478	330	6	32	505	7	474	2.58e-61	211
PENPO_0016_09050	OIDMA_0008_08900	31.920	448	260	11	29	457	3	424	3.93e-61	209
PENPO_0016_09050	PENSU_0394_06855	27.721	487	314	12	32	493	32	505	4.17e-61	211
PENPO_0016_09050	PENCH_0034_08596	28.452	478	309	13	32	490	32	495	6.26e-61	211
PENPO_0016_09050	ASPKA_0146_11155	29.091	495	316	12	12	485	10	490	8.75e-61	211
PENPO_0016_09050	ASPLU_0019_06029	29.091	495	316	12	12	485	15	495	9.06e-61	211
PENPO_0016_09050	STELY_0137_03671	29.960	494	265	12	15	493	5	432	1.18e-60	208
PENPO_0016_09050	AGABI_0013_01605	27.148	512	317	10	39	505	43	543	1.72e-60	211
PENPO_0016_09050	ASPCA_0002_00069	27.866	506	324	15	15	493	15	506	2.03e-60	209
PENPO_0016_09050	VALMA_0001_00224	29.701	468	316	7	22	485	19	477	2.44e-60	209
PENPO_0016_09050	PENSU_0536_13905	30.400	500	297	13	41	505	40	523	2.71e-60	209
PENPO_0016_09050	STELY_0128_03119	28.968	504	331	12	6	492	7	500	2.71e-60	209
PENPO_0016_09050	ASPNI_0010_06703	29.103	457	295	10	15	461	5	442	3.38e-60	208
PENPO_0016_09050	ASPKA_0062_05087	28.352	455	290	11	31	478	24	449	4.54e-60	207
PENPO_0016_09050	ASPTE_0010_02584	36.237	287	175	3	23	306	28	309	8.04e-60	202
PENPO_0016_09050	PENRO_0004_08597	27.673	477	314	12	15	474	15	477	9.02e-60	208
PENPO_0016_09050	PENFL_0121_10740	31.988	347	229	5	150	492	2	345	1.30e-59	203
PENPO_0016_09050	AGABI_0013_01772	26.459	514	318	8	39	505	39	539	1.52e-59	208
PENPO_0016_09050	PENST_0028_09709	27.495	491	318	12	28	493	28	505	3.26e-59	206
PENPO_0016_09050	PENSU_0497_12656	33.053	357	207	6	150	475	2	357	4.22e-59	202
PENPO_0016_09050	PENVU_0006_02541	33.086	405	240	12	120	504	6	399	8.60e-59	202
PENPO_0016_09050	ASPCA_0004_04043	30.271	479	308	11	43	506	33	500	1.03e-58	205
PENPO_0016_09050	ASPCA_0003_02219	29.730	444	258	10	108	505	5	440	1.21e-58	203
PENPO_0016_09050	ASPTE_0022_09531	28.226	496	309	15	28	490	29	510	1.62e-58	205
PENPO_0016_09050	OIDMA_0001_01448	29.150	494	325	11	25	505	20	501	1.77e-58	204
PENPO_0016_09050	CORMI_0007_07322	28.364	483	309	12	25	487	26	491	1.91e-58	205
PENPO_0016_09050	PENAR_0017_08167	29.978	447	269	12	75	494	4	433	5.06e-58	201
PENPO_0016_09050	PENVU_0015_04693	29.191	507	324	13	21	505	8	501	6.34e-58	202
PENPO_0016_09050	STELY_0101_00810	32.614	417	256	11	70	473	10	414	7.83e-58	200
PENPO_0016_09050	ASPCA_0029_14884	27.273	506	339	10	24	505	25	525	8.42e-58	203
PENPO_0016_09050	VALMA_0016_02963	28.903	474	313	8	21	481	27	489	8.69e-58	202
PENPO_0016_09050	PENCO_0001_01571	26.667	510	331	15	17	500	20	512	1.67e-57	202
PENPO_0016_09050	ASPNI_0013_08667	27.291	502	324	11	21	506	3	479	4.04e-57	200
PENPO_0016_09050	PENST_0026_09480	30.900	411	267	7	107	505	2	407	4.07e-57	198
PENPO_0016_09050	PYROM_0276_03493	27.126	494	326	11	32	506	51	529	4.79e-57	201
PENPO_0016_09050	PENVU_0004_01973	27.766	461	307	6	41	490	26	471	7.32e-57	199
PENPO_0016_09050	VALMA_0008_01847	27.823	496	317	11	15	480	11	495	1.18e-56	204
PENPO_0016_09050	PENST_0001_01195	26.550	516	346	12	9	505	1	502	1.26e-56	199
PENPO_0016_09050	PENEN_0050_03425	29.716	387	251	6	132	506	17	394	3.03e-56	195
PENPO_0016_09050	PENVU_0075_09587	26.569	478	318	12	32	490	32	495	4.45e-56	198
PENPO_0016_09050	ASPNI_0014_10001	29.574	399	257	8	17	402	21	408	7.04e-56	197
PENPO_0016_09050	VALMA_0062_06731	27.439	492	316	12	12	476	23	500	7.70e-56	198
PENPO_0016_09050	TORHE_0006_09855	28.750	480	311	14	41	506	26	488	8.28e-56	197
PENPO_0016_09050	PENEN_0039_02718	31.250	368	243	6	131	493	2	364	3.06e-55	192
PENPO_0016_09050	CORMI_0005_05685	28.776	490	302	12	38	506	23	486	4.80e-55	194
PENPO_0016_09050	MICGY_0002_01098	28.942	463	304	9	21	469	47	498	5.26e-55	195
PENPO_0016_09050	ASPTE_0010_02518	29.948	384	235	10	150	505	2	379	5.27e-55	192
PENPO_0016_09050	ASPCA_0003_02060	29.923	391	253	6	124	505	1	379	9.98e-55	191
PENPO_0016_09050	PENAR_0005_03821	32.533	375	237	8	78	446	19	383	2.12e-54	199
PENPO_0016_09050	VALMA_0091_08130	31.967	366	234	6	125	485	13	368	3.04e-54	190
PENPO_0016_09050	CORMI_0004_04671	28.893	488	313	11	41	505	37	513	3.91e-54	193
PENPO_0016_09050	DIPCO_0013_03213	27.088	491	324	10	35	506	25	500	4.17e-54	192
PENPO_0016_09050	VALMA_0071_07204	25.631	515	335	10	25	505	20	520	6.16e-54	192
PENPO_0016_09050	PENAR_0007_04738	27.473	455	300	8	39	470	2	449	1.38e-53	190
PENPO_0016_09050	VALMA_0104_08620	28.936	470	314	9	27	485	19	479	1.86e-53	191
PENPO_0016_09050	VALMA_0002_00388	28.535	396	265	8	124	505	213	604	2.09e-53	192
PENPO_0016_09050	VALMA_0002_00388	23.846	130	76	4	330	439	21	147	0.64	36.2
PENPO_0016_09050	CORMI_0003_02870	29.637	496	309	12	15	476	17	506	3.26e-53	191
PENPO_0016_09050	OIDMA_0021_14667	27.291	491	329	11	26	505	10	483	1.70e-52	187
PENPO_0016_09050	OIDMA_0003_04512	28.322	459	304	10	41	484	45	493	2.98e-52	188
PENPO_0016_09050	PENEN_0045_03176	27.974	454	296	12	15	451	15	454	3.11e-52	187
PENPO_0016_09050	CORMI_0008_08581	27.309	498	318	11	41	505	35	521	3.19e-52	188
PENPO_0016_09050	PENVU_0027_06523	31.124	347	220	7	139	478	1	335	3.35e-52	183
PENPO_0016_09050	PENEN_0101_07534	32.075	371	219	10	150	505	2	354	3.44e-52	183
PENPO_0016_09050	VALMA_0005_01123	27.629	485	334	9	15	493	17	490	4.71e-52	187
PENPO_0016_09050	OIDMA_0016_12924	27.426	474	312	11	41	495	27	487	5.74e-52	186
PENPO_0016_09050	TORHE_0002_01313	25.506	494	334	8	39	506	46	531	9.57e-52	187
PENPO_0016_09050	PENPO_0021_09860	27.426	474	304	14	25	476	11	466	1.89e-51	185
PENPO_0016_09050	OIDMA_0011_10628	28.085	470	318	10	14	478	13	467	3.04e-51	185
PENPO_0016_09050	PENSO_0244_04590	26.526	426	290	8	66	480	33	446	4.62e-51	184
PENPO_0016_09050	PENVU_0001_00111	28.600	500	311	14	12	485	5	484	5.62e-51	184
PENPO_0016_09050	VALMA_0005_01338	27.824	478	318	9	41	504	47	511	1.61e-50	183
PENPO_0016_09050	PENSO_0479_08583	25.855	468	312	11	30	476	14	467	4.23e-50	181
PENPO_0016_09050	PENFL_0029_07552	29.224	438	270	12	72	485	63	484	4.36e-50	182
PENPO_0016_09050	METMA_0083_08791	29.888	445	284	12	75	505	16	446	4.96e-50	180
PENPO_0016_09050	OIDMA_0045_16550	26.875	480	299	12	24	476	16	470	5.74e-50	181
PENPO_0016_09050	PENCH_0034_08544	26.955	486	311	11	18	486	4	462	6.38e-50	181
PENPO_0016_09050	OIDMA_0001_00093	26.255	518	337	13	17	505	3	504	7.10e-50	181
PENPO_0016_09050	ASPCA_0018_13586	33.234	337	204	6	150	470	2	333	1.19e-49	176
PENPO_0016_09050	PENAN_0010_04191	30.412	388	245	9	126	496	9	388	1.53e-49	177
PENPO_0016_09050	PENVU_0015_04688	31.611	329	217	5	182	505	29	354	1.59e-49	176
PENPO_0016_09050	PENCO_0006_05166	28.195	493	299	17	24	485	16	484	1.68e-49	180
PENPO_0016_09050	TORHE_0006_09843	27.273	462	313	10	32	490	95	536	1.80e-49	181
PENPO_0016_09050	STELY_0101_00501	28.818	406	234	8	75	455	66	441	1.94e-49	186
PENPO_0016_09050	PENFL_0072_10142	25.856	526	340	13	13	505	18	526	2.82e-49	180
PENPO_0016_09050	PENCH_0038_11476	28.041	485	300	13	39	506	43	495	8.90e-49	178
PENPO_0016_09050	ASPLU_0018_05463	28.400	500	315	14	7	485	9	486	8.97e-49	178
PENPO_0016_09050	TORHE_0002_00355	27.565	497	313	15	12	476	13	494	9.14e-49	178
PENPO_0016_09050	METMA_0016_04207	25.761	493	324	11	41	505	35	513	1.01e-48	178
PENPO_0016_09050	ASPNI_0019_13470	28.753	473	306	12	27	480	23	483	1.75e-48	177
PENPO_0016_09050	TALIS_0014_09610	25.799	438	275	7	78	489	33	446	1.99e-48	182
PENPO_0016_09050	METMA_0019_04828	29.817	436	275	13	73	487	13	438	2.00e-48	176
PENPO_0016_09050	ASPCA_0003_03309	30.000	440	263	13	73	485	64	485	2.32e-48	177
PENPO_0016_09050	TALIS_0004_03930	27.170	530	325	19	21	505	12	525	2.62e-48	177
PENPO_0016_09050	PENSO_0350_06149	29.157	439	271	12	71	485	62	484	2.85e-48	177
PENPO_0016_09050	VALMA_0005_01274	26.681	461	307	11	36	485	29	469	3.22e-48	176
PENPO_0016_09050	OIDMA_0012_11093	25.355	493	324	11	17	480	3	480	3.25e-48	177
PENPO_0016_09050	PENFL_0011_04060	26.955	486	311	11	18	486	4	462	3.26e-48	176
PENPO_0016_09050	PENVU_0020_05618	26.947	475	318	12	21	485	19	474	5.51e-48	176
PENPO_0016_09050	DIPCO_0009_02285	28.858	499	326	15	2	485	5	489	6.00e-48	176
PENPO_0016_09050	OIDMA_0003_04521	27.216	485	293	15	22	480	22	472	6.14e-48	176
PENPO_0016_09050	ASPLU_0002_00051	28.024	496	307	15	20	488	4	476	7.15e-48	176
PENPO_0016_09050	PENRO_0003_05097	28.758	459	293	12	39	484	43	480	8.09e-48	175
PENPO_0016_09050	PENPO_0005_04743	29.372	446	261	14	71	485	62	484	1.05e-47	175
PENPO_0016_09050	DIPCO_0005_01517	27.887	459	309	11	37	485	36	482	3.74e-47	174
PENPO_0016_09050	VALMA_0031_04542	26.482	506	323	13	11	492	32	512	4.19e-47	174
PENPO_0016_09050	ASPTE_0002_00956	27.083	432	248	13	31	432	24	418	4.25e-47	171
PENPO_0016_09050	ASPCA_0002_01375	26.697	442	298	10	37	476	78	495	4.26e-47	174
PENPO_0016_09050	CORMI_0010_09335	26.465	495	323	14	16	486	21	498	5.57e-47	174
PENPO_0016_09050	PENEN_0039_02722	28.894	398	262	6	125	505	30	423	6.13e-47	171
PENPO_0016_09050	PENSU_0382_06537	29.124	388	246	8	29	406	20	388	6.61e-47	174
PENPO_0016_09050	ASPKA_0129_08742	32.492	317	179	8	146	454	1	290	6.89e-47	167
PENPO_0016_09050	ASPLU_0022_08476	28.542	480	309	14	20	480	19	483	8.11e-47	173
PENPO_0016_09050	PENCH_0037_10782	29.841	439	258	14	71	485	62	474	8.48e-47	172
PENPO_0016_09050	VALMA_0064_06822	30.020	493	278	14	41	494	38	502	1.17e-46	172
PENPO_0016_09050	STELY_0142_04258	32.595	316	199	8	191	495	10	322	1.55e-46	168
PENPO_0016_09050	TALIS_0002_00761	26.638	458	311	10	31	478	8	450	1.64e-46	171
PENPO_0016_09050	PENPO_0007_05811	27.406	478	321	13	25	491	31	493	1.65e-46	172
PENPO_0016_09050	DIPCO_0028_05629	24.708	514	348	11	16	505	1	499	1.91e-46	172
PENPO_0016_09050	ASPTE_0017_06674	27.354	446	296	11	72	505	2	431	2.04e-46	170
PENPO_0016_09050	PENSO_0118_01909	26.263	495	332	13	12	492	1	476	2.47e-46	171
PENPO_0016_09050	PENCH_0038_11474	28.000	475	308	14	22	485	29	480	2.48e-46	171
PENPO_0016_09050	TALIS_0011_08663	27.505	469	297	14	25	471	19	466	3.24e-46	176
PENPO_0016_09050	PENEN_0076_04971	25.873	487	325	14	21	492	11	476	3.46e-46	171
PENPO_0016_09050	PENEN_0111_08408	27.021	470	311	13	21	476	20	471	3.61e-46	171
PENPO_0016_09050	PENAR_0008_05394	24.658	511	345	11	26	506	9	509	3.67e-46	171
PENPO_0016_09050	DIPCO_0041_07233	27.022	507	323	14	8	485	13	501	4.02e-46	171
PENPO_0016_09050	TORHE_0006_08818	26.338	467	305	13	37	489	2	443	4.86e-46	170
PENPO_0016_09050	DIPCO_0012_02859	30.655	336	206	3	29	338	20	354	5.22e-46	172
PENPO_0016_09050	DIPCO_0012_02859	37.349	166	92	1	352	505	410	575	2.68e-35	142
PENPO_0016_09050	TALIS_0002_00087	25.905	525	341	14	15	505	873	1383	5.71e-46	176
PENPO_0016_09050	PENVU_0012_03950	30.769	338	215	8	183	505	28	361	8.70e-46	167
PENPO_0016_09050	VALMA_0003_00733	29.108	426	279	11	73	485	17	432	9.99e-46	169
PENPO_0016_09050	PENST_0012_06910	28.800	500	300	17	20	487	11	486	1.01e-45	170
PENPO_0016_09050	PENRO_0003_05095	26.582	474	316	12	22	485	29	480	1.16e-45	170
PENPO_0016_09050	CORMI_0003_03044	26.707	498	298	17	16	485	29	487	1.25e-45	170
PENPO_0016_09050	VALMA_0009_01944	27.160	486	313	11	24	485	18	486	1.61e-45	169
PENPO_0016_09050	OIDMA_0014_12199	25.771	454	289	11	31	478	1	412	2.17e-45	167
PENPO_0016_09050	PENAR_0088_11687	28.257	499	302	16	18	485	11	484	3.19e-45	169
PENPO_0016_09050	STELY_0125_02981	27.273	429	278	9	20	425	21	438	3.43e-45	173
PENPO_0016_09050	ASPKA_0068_07824	28.542	480	309	14	20	480	19	483	4.07e-45	173
PENPO_0016_09050	ASPCA_0024_14452	25.602	457	312	11	25	478	73	504	4.70e-45	169
PENPO_0016_09050	TORHE_0005_07960	25.825	515	335	14	22	505	19	517	5.81e-45	168
PENPO_0016_09050	PENVU_0041_07980	26.316	475	313	13	15	475	19	470	6.17e-45	167
PENPO_0016_09050	PENSU_0382_06418	29.053	475	284	16	27	470	12	464	7.07e-45	167
PENPO_0016_09050	DIPCO_0095_10387	28.039	510	323	18	17	498	16	509	9.85e-45	168
PENPO_0016_09050	PENFR_0045_02467	27.406	478	321	13	25	491	31	493	1.33e-44	167
PENPO_0016_09050	PENPO_0001_00963	25.911	494	335	16	12	492	1	476	1.41e-44	166
PENPO_0016_09050	PENSO_0176_02788	27.479	484	308	12	21	498	11	457	1.41e-44	166
PENPO_0016_09050	PENRO_0014_12210	25.506	494	340	9	19	505	15	487	1.48e-44	166
PENPO_0016_09050	PENVU_0072_09519	28.511	470	297	14	26	483	81	523	1.50e-44	167
PENPO_0016_09050	TALIS_0009_07789	26.506	498	324	17	13	486	11	490	1.70e-44	167
PENPO_0016_09050	PENSU_0427_07859	27.607	489	331	10	1	485	13	482	2.35e-44	166
PENPO_0016_09050	DIPCO_0064_09149	26.261	476	327	12	21	485	7	469	3.52e-44	165
PENPO_0016_09050	ASPNI_0013_08876	25.911	494	326	12	41	506	32	513	3.64e-44	166
PENPO_0016_09050	PENCO_0001_01449	27.122	483	320	13	8	476	7	471	4.09e-44	165
PENPO_0016_09050	DIPCO_0046_07728	26.151	478	298	13	37	491	92	537	6.82e-44	166
PENPO_0016_09050	TORHE_0002_03410	29.221	462	275	16	46	477	64	503	6.84e-44	165
PENPO_0016_09050	PENCO_0008_06638	27.907	430	283	12	37	457	35	446	9.62e-44	163
PENPO_0016_09050	PENEN_0054_03603	27.406	478	306	15	25	485	19	472	1.05e-43	164
PENPO_0016_09050	PENAR_0033_10598	29.058	499	295	16	25	489	18	491	1.16e-43	165
PENPO_0016_09050	PENAR_0095_11731	25.000	484	329	14	14	485	8	469	1.25e-43	165
PENPO_0016_09050	ASPKA_0058_03974	27.406	478	300	14	20	470	4	461	1.26e-43	163
PENPO_0016_09050	PENST_0002_01365	24.951	509	334	13	20	506	24	506	1.28e-43	164
PENPO_0016_09050	PENRO_0004_08164	25.462	487	327	13	21	492	11	476	1.64e-43	163
PENPO_0016_09050	PENCO_0001_00509	25.826	484	329	11	21	492	11	476	1.71e-43	163
PENPO_0016_09050	PENVU_0037_07652	27.292	469	294	13	39	485	34	477	1.91e-43	164
PENPO_0016_09050	METMA_0016_04266	25.527	474	309	10	38	476	42	506	2.04e-43	164
PENPO_0016_09050	TALIS_0006_06044	26.506	498	301	15	1	485	50	495	3.48e-43	163
PENPO_0016_09050	TALIS_0002_00079	26.752	471	304	13	37	485	21	472	4.45e-43	162
PENPO_0016_09050	OIDMA_0013_11801	25.821	457	314	9	29	478	14	452	4.48e-43	162
PENPO_0016_09050	ASPKA_0036_00536	27.601	471	300	15	27	483	78	521	5.31e-43	163
PENPO_0016_09050	PYROM_0330_04326	24.502	502	322	11	41	506	28	508	5.36e-43	162
PENPO_0016_09050	ASPLU_0033_11753	28.743	334	217	7	106	432	9	328	6.18e-43	159
PENPO_0016_09050	PENRO_0004_08269	25.732	478	322	12	21	483	14	473	7.75e-43	162
PENPO_0016_09050	ASPKA_0137_09083	25.304	494	329	12	41	506	32	513	8.07e-43	162
PENPO_0016_09050	ASPLU_0009_02452	25.304	494	329	12	41	506	32	513	8.07e-43	162
PENPO_0016_09050	PENST_0017_08188	27.679	448	282	13	41	474	38	457	8.46e-43	161
PENPO_0016_09050	ASPKA_0046_01546	24.632	475	324	13	12	474	1	453	9.45e-43	161
PENPO_0016_09050	ASPLU_0005_00887	24.632	475	324	13	12	474	1	453	9.45e-43	161
PENPO_0016_09050	ASPNI_0002_01388	26.077	441	295	12	41	474	50	466	1.72e-42	161
PENPO_0016_09050	OIDMA_0026_15723	27.579	504	337	13	1	491	6	494	1.81e-42	161
PENPO_0016_09050	MICGY_0003_02111	25.902	471	302	13	37	485	40	485	1.85e-42	161
PENPO_0016_09050	PENRO_0002_02410	28.046	517	323	19	17	505	18	513	3.18e-42	160
PENPO_0016_09050	NEOFI_0257_08179	26.316	494	322	15	41	505	33	513	4.10e-42	160
PENPO_0016_09050	TALIS_0002_00986	26.253	499	325	13	20	490	12	495	4.51e-42	164
PENPO_0016_09050	PENRO_0003_04071	26.625	477	319	13	16	478	77	536	4.84e-42	161
PENPO_0016_09050	PENVU_0033_07208	24.670	454	316	11	25	476	82	511	5.62e-42	160
PENPO_0016_09050	OIDMA_0054_16633	25.532	470	311	14	18	474	9	452	5.87e-42	159
PENPO_0016_09050	ASPCA_0005_06137	25.152	493	345	10	10	495	12	487	6.82e-42	159
PENPO_0016_09050	ASPCA_0003_03242	26.892	502	335	14	1	490	50	531	9.23e-42	160
PENPO_0016_09050	PENVU_0066_09299	26.852	432	283	11	72	492	3	412	9.40e-42	157
PENPO_0016_09050	STELY_0222_07431	29.167	432	271	13	78	485	82	502	1.06e-41	163
PENPO_0016_09050	MICGY_0003_03330	26.844	488	305	16	21	485	10	468	1.15e-41	158
PENPO_0016_09050	STELY_0137_03856	26.489	487	324	12	25	490	25	498	1.26e-41	159
PENPO_0016_09050	PENVU_0018_05220	25.338	517	347	14	17	506	7	511	1.34e-41	159
PENPO_0016_09050	OIDMA_0014_12492	25.813	492	325	18	17	491	13	481	2.01e-41	158
PENPO_0016_09050	PENRO_0002_00625	26.625	477	314	13	25	485	16	472	2.23e-41	157
PENPO_0016_09050	ASPCA_0005_06276	26.151	478	328	11	15	482	74	536	2.66e-41	159
PENPO_0016_09050	METMA_0037_06745	30.351	313	198	5	188	493	38	337	2.98e-41	154
PENPO_0016_09050	PENCO_0002_01997	25.566	442	297	12	37	476	94	505	3.23e-41	158
PENPO_0016_09050	PENST_0017_08120	26.113	494	314	15	23	495	24	487	3.44e-41	157
PENPO_0016_09050	PYROM_0718_09100	27.075	506	299	18	17	490	28	495	3.58e-41	158
PENPO_0016_09050	STELY_0276_08789	26.450	431	288	8	41	453	31	450	3.65e-41	162
PENPO_0016_09050	PENST_0001_01198	27.350	468	293	13	23	475	20	455	4.11e-41	157
PENPO_0016_09050	PENCH_0038_12041	24.842	475	331	12	21	485	11	469	5.10e-41	157
PENPO_0016_09050	PENAN_0034_08772	29.854	412	249	15	98	484	13	409	5.49e-41	156
PENPO_0016_09050	ASPNI_0016_11518	26.013	469	303	12	20	476	27	463	5.89e-41	157
PENPO_0016_09050	TALIS_0002_00196	27.158	475	308	14	36	489	31	488	5.97e-41	157
PENPO_0016_09050	PENEN_0022_01315	25.641	468	319	11	31	486	38	488	6.44e-41	157
PENPO_0016_09050	ARTOT_0007_07075	25.918	490	319	14	17	486	11	476	7.91e-41	156
PENPO_0016_09050	PENFR_0025_01571	28.132	423	264	12	71	469	62	468	8.19e-41	155
PENPO_0016_09050	OIDMA_0006_06820	27.195	467	294	15	25	463	31	479	8.34e-41	157
PENPO_0016_09050	NEOFI_0249_03694	27.400	500	330	15	24	506	10	493	9.16e-41	156
PENPO_0016_09050	PYROM_0327_04214	25.380	461	317	9	26	476	85	528	9.28e-41	157
PENPO_0016_09050	PENEN_0043_02950	27.833	503	295	20	12	473	1	476	1.01e-40	156
PENPO_0016_09050	DIPCO_0002_00555	26.004	473	295	15	18	469	14	452	1.03e-40	155
PENPO_0016_09050	ASPCA_0005_05788	24.949	493	330	11	41	505	38	518	1.18e-40	156
PENPO_0016_09050	OIDMA_0001_01922	27.586	464	313	10	18	470	14	465	1.32e-40	155
PENPO_0016_09050	OIDMA_0009_09728	25.708	459	315	12	37	485	32	474	1.34e-40	155
PENPO_0016_09050	OIDMA_0020_14577	26.596	470	301	13	37	485	32	478	1.63e-40	155
PENPO_0016_09050	STELY_0132_03402	27.345	501	319	16	34	502	32	519	1.67e-40	155
PENPO_0016_09050	OIDMA_0001_01549	27.511	458	307	10	38	485	39	481	1.87e-40	155
PENPO_0016_09050	ASPCA_0004_04325	27.237	503	310	15	21	486	15	498	1.88e-40	155
PENPO_0016_09050	TORHE_0005_08444	25.581	473	311	14	27	476	25	479	2.03e-40	155
PENPO_0016_09050	PENAR_0011_06513	23.838	495	332	13	17	478	13	495	2.48e-40	155
PENPO_0016_09050	PENSU_0523_13598	24.903	518	340	16	20	505	10	510	2.92e-40	155
PENPO_0016_09050	MICGY_0004_04632	26.347	501	324	12	15	483	20	507	2.96e-40	155
PENPO_0016_09050	ASPCA_0022_14223	24.217	479	324	12	21	483	69	524	3.43e-40	155
PENPO_0016_09050	VALMA_0106_08706	26.253	499	316	16	15	476	8	491	3.63e-40	155
PENPO_0016_09050	TORHE_0002_02527	24.891	458	311	12	26	474	75	508	3.75e-40	155
PENPO_0016_09050	PENSU_0107_02347	23.755	522	341	12	21	505	14	515	4.69e-40	154
PENPO_0016_09050	PENVU_0002_01096	25.541	462	310	11	37	485	44	484	5.36e-40	154
PENPO_0016_09050	PYROM_0450_06155	25.855	468	314	12	25	484	73	515	6.13e-40	154
PENPO_0016_09050	ASPNI_0015_10426	23.200	500	356	13	22	505	13	500	6.20e-40	154
PENPO_0016_09050	ASPKA_0049_01957	24.089	494	330	11	21	495	16	483	7.38e-40	154
PENPO_0016_09050	NEOFI_0246_00713	25.726	482	318	14	26	486	8	470	7.80e-40	154
PENPO_0016_09050	MICGY_0004_03760	27.148	512	303	19	15	484	2	485	7.83e-40	154
PENPO_0016_09050	PENCO_0001_01558	24.893	466	317	13	16	472	11	452	9.43e-40	153
PENPO_0016_09050	TORHE_0006_08905	25.714	490	313	13	28	485	52	522	1.05e-39	154
PENPO_0016_09050	PENCH_0028_01504	25.319	470	318	11	31	486	39	489	1.05e-39	153
PENPO_0016_09050	ASPCA_0003_02272	26.134	463	304	13	26	476	80	516	1.38e-39	154
PENPO_0016_09050	PENST_0005_03386	25.145	517	340	14	20	505	10	510	1.41e-39	153
PENPO_0016_09050	PENEN_0062_04116	26.022	465	300	10	29	470	419	862	1.41e-39	157
PENPO_0016_09050	OIDMA_0009_09609	26.955	486	303	15	25	486	17	474	1.42e-39	153
PENPO_0016_09050	PENCH_0028_01113	24.444	495	329	12	17	478	13	495	1.42e-39	153
PENPO_0016_09050	PENST_0005_03860	27.490	502	314	16	11	485	9	487	1.51e-39	153
PENPO_0016_09050	STELY_0254_08247	25.926	486	316	13	20	480	229	695	1.67e-39	155
PENPO_0016_09050	ASPLU_0019_06024	24.949	489	346	10	26	506	15	490	2.11e-39	152
PENPO_0016_09050	ASPKA_0146_11160	24.949	489	346	10	26	506	15	490	2.11e-39	152
PENPO_0016_09050	NEOFI_0246_00761	25.957	470	305	14	15	476	49	483	2.38e-39	152
PENPO_0016_09050	ASPCA_0014_12500	24.390	492	307	13	35	475	20	497	2.41e-39	152
PENPO_0016_09050	PENEN_0093_06910	24.580	476	329	13	6	476	62	512	2.43e-39	153
PENPO_0016_09050	NEOFI_0255_05356	25.054	467	318	12	16	476	74	514	2.54e-39	153
PENPO_0016_09050	PENEN_0094_07012	25.151	497	344	14	2	490	4	480	2.58e-39	152
PENPO_0016_09050	PENSO_0526_10211	25.102	490	334	11	11	486	11	481	3.09e-39	152
PENPO_0016_09050	PENCO_0001_00045	24.663	519	344	14	23	505	16	523	3.57e-39	152
PENPO_0016_09050	PENAR_0074_11585	25.435	460	280	13	37	476	90	506	3.63e-39	152
PENPO_0016_09050	PENSU_0461_10108	24.839	467	295	13	71	502	68	513	4.31e-39	152
PENPO_0016_09050	PENAN_0005_02504	24.000	475	309	13	41	478	36	495	4.59e-39	152
PENPO_0016_09050	PENAN_0003_01552	24.603	504	336	13	31	506	24	511	4.94e-39	151
PENPO_0016_09050	ASPKA_0142_09791	24.297	498	299	13	40	506	31	481	5.44e-39	151
PENPO_0016_09050	DIPCO_0013_03206	26.033	484	330	12	15	486	5	472	5.98e-39	151
PENPO_0016_09050	PENCO_0001_00049	25.866	491	329	13	11	486	18	488	8.44e-39	151
PENPO_0016_09050	ASPNI_0013_08719	24.843	479	319	10	32	495	73	525	9.08e-39	151
PENPO_0016_09050	DIPCO_0116_10720	24.851	503	329	16	7	488	10	484	9.38e-39	150
PENPO_0016_09050	PENAN_0059_10107	25.052	483	328	13	37	504	45	508	1.02e-38	150
PENPO_0016_09050	PENFR_0084_04022	25.370	473	320	11	28	486	58	511	1.07e-38	151
PENPO_0016_09050	OIDMA_0011_10581	27.766	461	289	16	37	476	39	476	1.22e-38	150
PENPO_0016_09050	PYROM_1245_11963	27.468	466	311	11	25	482	73	519	1.41e-38	150
PENPO_0016_09050	OIDMA_0011_10657	24.652	503	317	17	23	482	10	493	1.41e-38	150
PENPO_0016_09050	PENRO_0005_09243	25.314	478	324	12	25	486	21	481	1.44e-38	150
PENPO_0016_09050	PENCH_0038_10957	23.935	493	337	12	41	506	30	511	1.52e-38	150
PENPO_0016_09050	PENAR_0015_07821	23.857	503	341	13	31	506	24	511	1.56e-38	150
PENPO_0016_09050	OIDMA_0004_05008	26.124	467	314	14	16	476	71	512	1.69e-38	150
PENPO_0016_09050	ASPCA_0016_13092	25.896	502	304	15	26	489	11	482	1.76e-38	150
PENPO_0016_09050	PENSO_0148_02382	23.838	495	324	12	21	478	5	483	2.60e-38	149
PENPO_0016_09050	TALIS_0002_00368	28.111	434	280	13	27	452	93	502	2.78e-38	149
PENPO_0016_09050	STELY_0165_05200	24.748	497	333	17	16	503	76	540	2.99e-38	150
PENPO_0016_09050	ARTOL_0080_05451	25.825	515	312	19	2	487	20	493	3.45e-38	149
PENPO_0016_09050	ASPNI_0001_00836	25.000	432	284	9	76	478	67	487	3.63e-38	149
PENPO_0016_09050	PENCH_0034_08582	24.684	474	321	11	9	472	6	453	3.78e-38	149
PENPO_0016_09050	PENPO_0006_05269	23.838	495	324	12	21	478	5	483	3.79e-38	149
PENPO_0016_09050	ASPNI_0007_04994	24.236	491	334	9	40	506	31	507	3.88e-38	149
PENPO_0016_09050	METMA_0072_08410	25.904	498	319	15	25	489	19	499	4.08e-38	149
PENPO_0016_09050	PENFL_0002_01094	26.160	474	317	13	25	485	31	484	4.49e-38	149
PENPO_0016_09050	PENEN_0077_05218	23.935	493	337	12	41	506	30	511	4.64e-38	149
PENPO_0016_09050	PENCH_0029_03958	25.216	464	322	12	20	476	14	459	4.67e-38	149
PENPO_0016_09050	PENPO_0005_05002	24.898	490	335	11	11	486	18	488	4.77e-38	149
PENPO_0016_09050	PENAR_0013_07078	24.788	472	316	13	32	486	40	489	6.07e-38	148
PENPO_0016_09050	OIDMA_0016_13120	26.148	501	321	16	19	495	8	483	6.25e-38	149
PENPO_0016_09050	PENCO_0011_07496	24.138	493	336	12	41	506	30	511	7.03e-38	148
PENPO_0016_09050	PENEN_0147_10649	23.838	495	324	12	21	478	17	495	7.16e-38	148
PENPO_0016_09050	ASPKA_0146_11146	27.010	485	294	16	24	484	36	484	7.52e-38	148
PENPO_0016_09050	PENRO_0003_06989	24.371	517	350	14	18	506	8	511	7.91e-38	148
PENPO_0016_09050	PENST_0028_09653	25.749	501	304	18	28	484	14	490	7.93e-38	148
PENPO_0016_09050	PENVU_0006_02615	26.477	491	321	14	9	485	7	471	8.29e-38	148
PENPO_0016_09050	ASPKA_0136_08973	26.708	483	311	14	39	506	85	539	1.08e-37	148
