PENPO_0016_09047	PENPO_0016_09047	100.000	275	0	0	1	275	1	275	0.0	568
PENPO_0016_09047	PENSO_0198_03395	96.000	275	11	0	1	275	1	275	0.0	526
PENPO_0016_09047	PENFR_0134_05621	93.818	275	17	0	1	275	1	275	0.0	522
PENPO_0016_09047	TALIS_0004_04483	86.957	276	34	2	1	275	1	275	1.02e-170	475
PENPO_0016_09047	NEOFI_0249_02910	38.621	290	157	5	6	275	2	290	8.37e-69	217
PENPO_0016_09047	ASPCA_0008_08969	41.869	289	143	4	9	274	8	294	4.45e-68	216
PENPO_0016_09047	OIDMA_0035_16303	42.599	277	148	6	6	274	3	276	1.76e-65	208
PENPO_0016_09047	VALMA_0056_06342	37.079	267	165	3	10	275	6	270	3.50e-58	189
PENPO_0016_09047	ASPKA_0062_05029	34.317	271	174	4	6	274	4	272	4.58e-45	156
PENPO_0016_09047	ARTOT_0003_01578	34.944	269	163	5	11	274	29	290	1.77e-43	152
PENPO_0016_09047	PENCO_0011_07696	34.586	266	166	5	11	274	17	276	4.50e-43	150
PENPO_0016_09047	PENSU_0213_04866	35.849	265	161	6	15	275	24	283	5.51e-43	150
PENPO_0016_09047	PENCO_0011_07666	33.935	277	173	5	4	275	7	278	2.00e-42	149
PENPO_0016_09047	PENSU_0496_12410	34.831	267	165	6	11	274	18	278	4.10e-42	148
PENPO_0016_09047	ASPNI_0014_09897	31.985	272	174	5	11	275	26	293	5.56e-42	148
PENPO_0016_09047	MICGY_0004_04531	33.824	272	165	5	11	274	27	291	6.20e-42	148
PENPO_0016_09047	MICGY_0002_00661	34.296	277	164	10	9	274	21	290	8.13e-41	145
PENPO_0016_09047	ASPLU_0007_00919	42.262	168	95	2	11	177	29	195	2.83e-40	143
PENPO_0016_09047	NEOFI_0251_03785	32.472	271	172	4	11	274	16	282	3.32e-40	143
PENPO_0016_09047	TALIS_0004_04486	33.333	270	163	7	9	274	43	299	5.12e-40	144
PENPO_0016_09047	ASPTE_0022_09873	33.962	265	166	6	14	275	34	292	5.86e-40	143
PENPO_0016_09047	ASPKA_0036_00511	42.262	168	95	2	11	177	29	195	8.89e-40	142
PENPO_0016_09047	PENEN_0039_02759	34.082	267	167	6	11	274	17	277	1.81e-39	141
PENPO_0016_09047	ASPLU_0033_11819	35.565	239	150	4	38	274	1	237	5.01e-39	139
PENPO_0016_09047	TORHE_0002_02636	32.491	277	176	5	9	274	6	282	6.39e-38	137
PENPO_0016_09047	ASPLU_0021_07498	32.734	278	175	5	6	274	2	276	4.82e-37	135
PENPO_0016_09047	ASPKA_0067_07622	32.374	278	176	5	6	274	2	276	5.39e-36	132
PENPO_0016_09047	ASPNI_0016_11465	34.066	273	164	7	11	275	18	282	5.43e-36	132
PENPO_0016_09047	ASPCA_0009_10018	33.696	276	164	6	11	274	11	279	6.32e-36	132
PENPO_0016_09047	ASPLU_0017_04138	33.333	273	166	7	11	275	18	282	1.28e-35	131
PENPO_0016_09047	ASPKA_0057_03669	33.333	273	166	7	11	275	18	282	1.28e-35	131
PENPO_0016_09047	NEOFI_0251_03772	32.963	270	173	5	11	275	16	282	2.05e-35	131
PENPO_0016_09047	ASPNI_0010_06629	35.526	228	143	4	49	274	6	231	2.61e-35	129
PENPO_0016_09047	OIDMA_0011_10943	30.403	273	178	5	9	274	7	274	6.69e-35	129
PENPO_0016_09047	ASPTE_0021_09430	32.482	274	170	6	9	275	5	270	1.53e-34	128
PENPO_0016_09047	ASPKA_0038_00708	34.155	284	159	10	10	274	17	291	6.34e-34	127
PENPO_0016_09047	ASPLU_0011_02630	34.155	284	159	10	10	274	17	291	6.34e-34	127
PENPO_0016_09047	ARTOT_0003_01557	32.584	267	167	7	17	275	31	292	4.05e-33	125
PENPO_0016_09047	ASPKA_0059_04221	33.942	274	159	9	11	274	7	268	5.04e-33	124
PENPO_0016_09047	ASPCA_0003_02884	36.410	195	112	5	10	195	8	199	6.11e-31	119
PENPO_0016_09047	ASPNI_0019_13474	34.050	279	160	10	10	271	6	277	7.08e-31	124
PENPO_0016_09047	NEOFI_0259_09301	34.164	281	163	10	10	274	19	293	1.34e-30	119
PENPO_0016_09047	ASPLU_0002_00107	36.813	182	110	4	95	274	1	179	1.76e-30	115
PENPO_0016_09047	ASPCA_0008_09747	35.961	203	127	3	7	207	4	205	2.09e-30	118
PENPO_0016_09047	OIDMA_0011_10860	31.818	286	173	8	1	275	1	275	2.11e-30	117
PENPO_0016_09047	ASPNI_0001_00627	42.105	152	80	3	7	151	3	153	2.31e-30	117
PENPO_0016_09047	VALMA_0071_07217	31.136	273	178	6	10	274	7	277	5.09e-30	117
PENPO_0016_09047	ASPNI_0015_10437	42.424	132	75	1	11	141	29	160	6.25e-30	117
PENPO_0016_09047	ASPLU_0033_11818	40.940	149	81	2	6	147	4	152	6.85e-30	113
PENPO_0016_09047	OIDMA_0024_15448	38.693	199	110	4	6	201	5	194	1.38e-29	115
PENPO_0016_09047	PENVU_0085_09757	38.710	186	105	4	11	195	7	184	6.31e-29	113
PENPO_0016_09047	PENAR_0060_11469	36.275	204	120	4	9	209	5	201	6.90e-29	115
PENPO_0016_09047	TALIS_0006_06131	36.683	199	119	3	11	206	10	204	1.14e-28	117
PENPO_0016_09047	ASPLU_0019_05725	29.123	285	172	10	15	275	21	299	9.66e-27	108
PENPO_0016_09047	PENEN_0043_03012	38.854	157	92	3	1	156	1	154	2.13e-26	107
PENPO_0016_09047	OIDMA_0025_15599	42.466	146	82	2	5	149	2	146	3.64e-26	106
PENPO_0016_09047	ASPNI_0007_04791	29.078	282	177	9	14	275	20	298	3.95e-26	107
PENPO_0016_09047	ASPNI_0010_07237	33.520	179	114	4	95	271	1	176	4.50e-26	105
PENPO_0016_09047	ASPKA_0058_03927	37.725	167	99	4	110	274	47	210	1.61e-25	103
PENPO_0016_09047	OIDMA_0010_10294	33.125	160	104	2	22	180	19	176	4.50e-24	101
PENPO_0016_09047	PENRO_0006_10514	39.216	153	91	2	1	152	1	152	5.82e-24	100
PENPO_0016_09047	ASPCA_0002_01404	45.833	120	63	2	35	153	4	122	1.65e-23	99.0
PENPO_0016_09047	METMA_0198_10622	36.628	172	97	4	35	203	4	166	2.63e-23	98.2
PENPO_0016_09047	PENCO_0021_08949	28.632	234	151	6	49	275	1	225	3.17e-23	97.8
PENPO_0016_09047	NEOFI_0250_03709	28.177	181	101	3	95	274	1	153	3.58e-23	95.5
PENPO_0016_09047	OIDMA_0013_11652	37.324	142	88	1	11	151	1	142	1.74e-22	93.2
PENPO_0016_09047	ASPNI_0009_06226	33.974	156	98	3	92	246	26	177	5.39e-22	93.6
PENPO_0016_09047	PENCO_0004_04085	31.754	211	139	5	1	209	1	208	4.32e-21	93.2
PENPO_0016_09047	PENRO_0002_01199	32.000	200	130	5	13	209	12	208	4.26e-20	90.5
PENPO_0016_09047	VALMA_0015_02919	29.437	231	146	6	59	274	59	287	4.78e-20	90.5
PENPO_0016_09047	VALMA_0046_05748	42.857	91	52	0	9	99	6	96	7.48e-20	85.1
PENPO_0016_09047	PENFR_0297_08811	33.333	153	100	2	3	153	13	165	2.28e-19	88.6
PENPO_0016_09047	PENPO_0008_06308	31.132	212	139	6	1	209	1	208	2.60e-19	88.2
PENPO_0016_09047	PENFR_0400_09956	31.132	212	139	6	1	209	1	208	6.53e-19	87.0
PENPO_0016_09047	PENFL_0008_03236	30.151	199	135	4	13	209	12	208	1.47e-18	86.3
PENPO_0016_09047	PENSO_0415_07075	27.465	284	193	8	1	275	1	280	2.19e-18	85.9
PENPO_0016_09047	ASPCA_0003_03183	39.241	158	79	7	7	153	6	157	3.49e-18	85.5
PENPO_0016_09047	PENEN_0076_05078	32.394	213	129	7	11	215	9	214	3.64e-18	85.1
PENPO_0016_09047	PENCH_0028_02504	29.146	199	137	4	13	209	12	208	7.15e-18	84.3
PENPO_0016_09047	PENAR_0048_11262	35.503	169	97	6	14	170	22	190	1.37e-17	84.0
PENPO_0016_09047	PENVU_0050_08585	31.455	213	125	7	12	209	2	208	1.44e-17	83.6
PENPO_0016_09047	PENEN_0032_01948	31.000	200	132	5	13	209	12	208	1.55e-17	83.6
PENPO_0016_09047	ASPLU_0029_10751	30.222	225	136	8	60	274	19	232	1.89e-17	82.4
PENPO_0016_09047	PENFR_0098_04525	33.019	212	130	8	11	215	31	237	2.36e-17	83.2
PENPO_0016_09047	ASPCA_0003_03296	32.680	153	93	4	7	153	4	152	3.17e-17	82.4
PENPO_0016_09047	PENAR_0034_10618	31.429	175	110	5	1	170	1	170	3.52e-17	82.4
PENPO_0016_09047	METMA_0025_05560	31.847	157	101	2	7	157	4	160	1.36e-16	80.9
PENPO_0016_09047	PENAN_0015_05651	30.814	172	115	4	1	170	1	170	1.43e-16	80.9
PENPO_0016_09047	PENPO_0001_01074	37.419	155	85	6	11	157	31	181	2.60e-16	80.5
PENPO_0016_09047	ASPKA_0048_01838	35.897	156	87	7	9	157	5	154	3.76e-16	79.7
PENPO_0016_09047	ASPKA_0146_11425	27.719	285	165	11	15	275	21	288	4.72e-16	79.3
PENPO_0016_09047	PENAR_0125_11880	32.919	161	97	6	9	162	5	161	7.25e-16	79.0
PENPO_0016_09047	PENAR_0126_11885	32.919	161	97	6	9	162	5	161	7.25e-16	79.0
PENPO_0016_09047	PENAR_0118_11852	32.919	161	97	6	9	162	5	161	7.25e-16	79.0
PENPO_0016_09047	PENEN_0113_08577	30.178	169	114	3	11	175	10	178	1.72e-15	77.8
PENPO_0016_09047	PENCH_0038_11929	30.952	210	132	7	7	209	27	230	4.01e-15	77.0
PENPO_0016_09047	ASPLU_0025_09482	30.508	177	93	5	14	166	18	188	4.81e-15	77.0
PENPO_0016_09047	ASPKA_0144_10463	30.508	177	93	5	14	166	18	188	4.81e-15	77.0
PENPO_0016_09047	PENSO_0038_00470	33.990	203	118	10	22	215	905	1100	5.73e-15	78.2
PENPO_0016_09047	PENST_0005_03800	32.716	162	100	6	4	157	2	162	5.76e-15	76.3
PENPO_0016_09047	PENAR_0025_09791	31.390	223	141	7	11	224	10	229	7.19e-15	75.5
PENPO_0016_09047	ASPNI_0011_08025	31.977	172	92	6	14	166	18	183	7.55e-15	76.3
PENPO_0016_09047	MICGY_0006_06106	29.469	207	132	8	6	207	3	200	8.14e-15	75.9
PENPO_0016_09047	PENFL_0004_01982	28.837	215	142	6	7	215	5	214	9.03e-15	75.9
PENPO_0016_09047	PENRO_0004_08285	29.907	214	133	8	11	215	29	234	1.04e-14	75.9
PENPO_0016_09047	ASPKA_0033_00407	35.664	143	88	3	10	148	46	188	1.91e-14	73.2
PENPO_0016_09047	PENRO_0010_11812	32.258	155	103	2	6	158	5	159	2.70e-14	74.3
PENPO_0016_09047	ASPTE_0013_03876	40.625	96	56	1	60	154	20	115	4.41e-14	72.8
PENPO_0016_09047	METMA_0101_09262	34.043	141	90	2	14	151	9	149	1.15e-13	72.8
PENPO_0016_09047	MUCCI_0089_06411	32.192	146	93	5	11	154	246	387	2.32e-13	72.8
PENPO_0016_09047	ARTOT_0005_04013	33.577	137	90	1	18	153	23	159	3.77e-13	71.2
PENPO_0016_09047	PYROM_0321_04131	28.079	203	122	9	12	207	58	243	5.17e-13	71.2
PENPO_0016_09047	MUCCI_0071_05513	34.483	145	81	7	11	147	70	208	5.98e-13	70.9
PENPO_0016_09047	PENST_0007_04596	31.677	161	97	7	6	157	3	159	7.59e-13	70.1
PENPO_0016_09047	ARTOL_0082_06319	29.487	156	94	4	12	153	9	162	2.52e-12	68.9
PENPO_0016_09047	VALMA_0046_05747	31.061	132	89	2	140	271	1	130	3.11e-12	65.5
PENPO_0016_09047	NEOFI_0257_07259	32.955	176	101	7	4	164	2	175	3.75e-12	68.6
PENPO_0016_09047	MUCCI_0066_05247	30.612	147	93	5	11	152	77	219	6.73e-12	68.2
PENPO_0016_09047	OIDMA_0014_12267	29.189	185	116	7	5	186	51	223	7.48e-12	67.8
PENPO_0016_09047	ASPCA_0002_01052	30.601	183	99	10	6	179	33	196	7.97e-12	67.4
PENPO_0016_09047	PYROM_1074_11158	31.973	147	79	8	13	152	62	194	1.01e-11	67.4
PENPO_0016_09047	PENAR_0055_11407	31.544	149	91	7	16	157	77	221	1.58e-11	67.0
PENPO_0016_09047	PYROM_0361_05090	27.830	212	116	12	9	206	51	239	1.87e-11	66.6
PENPO_0016_09047	ARTOL_0082_06273	29.204	226	120	12	11	227	105	299	2.76e-11	66.2
PENPO_0016_09047	ASPCA_0022_14292	28.019	207	133	7	9	207	10	208	3.08e-11	65.5
PENPO_0016_09047	NEOFI_0257_08241	30.732	205	131	7	8	209	53	249	3.69e-11	65.9
PENPO_0016_09047	PYROM_0630_08278	39.216	102	55	4	20	120	1	96	3.73e-11	62.0
PENPO_0016_09047	MICGY_0006_06619	32.639	144	96	1	11	153	16	159	4.67e-11	65.1
PENPO_0016_09047	PYROM_1524_13016	30.464	151	86	7	9	153	70	207	4.68e-11	65.5
PENPO_0016_09047	PYROM_0356_05003	33.784	148	76	9	25	164	1	134	8.25e-11	62.8
PENPO_0016_09047	ASPNI_0005_03560	30.973	113	73	3	10	118	5	116	1.15e-10	63.9
PENPO_0016_09047	OIDMA_0001_02181	29.469	207	129	11	11	212	69	263	1.16e-10	64.3
PENPO_0016_09047	PYROM_0467_06481	30.263	152	86	7	7	152	76	213	1.80e-10	63.5
PENPO_0016_09047	TALIS_0007_06730	29.000	200	89	6	26	224	318	465	1.83e-10	64.3
PENPO_0016_09047	ASPNI_0014_09355	37.500	96	57	2	60	154	19	112	2.10e-10	63.5
PENPO_0016_09047	PYROM_0956_10548	32.099	162	94	9	9	165	62	212	2.24e-10	63.5
PENPO_0016_09047	ASPTE_0014_04762	35.252	139	82	6	11	142	9	146	3.54e-10	60.5
PENPO_0016_09047	OIDMA_0024_15439	27.885	208	128	10	10	209	81	274	4.67e-10	62.8
PENPO_0016_09047	PYROM_0131_00674	26.117	291	171	14	9	275	51	321	5.16e-10	62.4
PENPO_0016_09047	MUCCI_0013_01542	27.044	159	99	6	6	153	72	224	5.52e-10	62.8
PENPO_0016_09047	PENAN_0016_05779	29.016	193	124	6	35	219	985	1172	6.03e-10	63.2
PENPO_0016_09047	TALIS_0002_01796	29.814	161	89	8	11	163	46	190	6.08e-10	62.0
PENPO_0016_09047	PENRO_0003_04910	25.965	285	180	11	10	275	55	327	6.14e-10	62.4
PENPO_0016_09047	PYROM_0232_02676	24.113	282	174	16	16	275	101	364	6.25e-10	62.4
PENPO_0016_09047	ARTOL_0077_04381	30.476	210	119	12	10	209	85	277	7.03e-10	62.0
PENPO_0016_09047	ASPNI_0008_05727	26.794	209	127	10	10	209	55	246	7.10e-10	62.0
PENPO_0016_09047	MUCCI_0006_00716	26.953	256	160	10	11	256	34	272	7.23e-10	61.6
PENPO_0016_09047	NEOFI_0255_05541	29.730	148	95	5	10	157	79	217	9.19e-10	61.6
PENPO_0016_09047	PYROM_0644_08732	28.947	152	88	6	9	154	52	189	9.23e-10	61.6
PENPO_0016_09047	PYROM_0466_06440	31.250	192	113	11	20	206	56	233	9.31e-10	61.6
PENPO_0016_09047	ASPTE_0002_00822	37.168	113	60	5	44	153	45	149	1.02e-09	60.1
PENPO_0016_09047	PENEN_0113_08582	28.289	152	107	2	3	153	5	155	1.03e-09	61.2
PENPO_0016_09047	ARTOL_0007_00741	31.765	170	98	9	11	177	56	210	1.13e-09	61.6
PENPO_0016_09047	PYROM_0688_08853	24.014	279	169	15	21	275	72	331	1.26e-09	61.2
PENPO_0016_09047	ASPLU_0028_10546	26.761	213	128	11	10	212	53	247	1.33e-09	61.2
PENPO_0016_09047	ASPKA_0065_06227	33.758	157	69	10	11	153	37	172	1.47e-09	60.8
PENPO_0016_09047	PENFL_0013_04619	28.758	153	108	1	11	163	13	164	1.75e-09	60.5
PENPO_0016_09047	TORHE_0002_02547	26.752	157	111	2	9	164	17	170	1.81e-09	60.5
PENPO_0016_09047	MUCCI_0190_10028	27.950	161	100	7	11	164	83	234	1.93e-09	60.8
PENPO_0016_09047	PYROM_0276_03483	26.286	175	109	5	11	179	84	244	1.99e-09	60.8
PENPO_0016_09047	ASPKA_0043_01107	27.143	210	125	11	10	209	55	246	2.02e-09	60.5
PENPO_0016_09047	PYROM_0956_10549	27.650	217	123	11	9	213	63	257	2.13e-09	60.5
PENPO_0016_09047	MUCCI_0024_02498	25.306	245	146	12	19	245	119	344	2.74e-09	60.5
PENPO_0016_09047	PYROM_0819_09887	32.000	150	92	7	9	157	82	222	2.76e-09	60.5
PENPO_0016_09047	PYROM_0177_01471	26.829	205	122	10	9	202	56	243	2.82e-09	60.1
PENPO_0016_09047	DIPCO_0002_00406	28.638	213	115	12	9	207	71	260	4.96e-09	59.7
PENPO_0016_09047	PENCH_0029_03131	31.034	145	93	4	10	153	55	193	5.33e-09	59.3
PENPO_0016_09047	OIDMA_0014_12513	30.723	166	89	9	22	179	49	196	6.33e-09	59.3
PENPO_0016_09047	OIDMA_0022_15084	24.779	226	144	9	10	223	28	239	6.36e-09	58.9
PENPO_0016_09047	DIPCO_0035_06459	24.476	286	180	12	11	275	116	386	6.70e-09	59.3
PENPO_0016_09047	TALIS_0003_02950	26.794	209	124	10	11	208	64	254	7.59e-09	58.9
PENPO_0016_09047	ASPCA_0023_14313	27.742	155	89	7	10	157	69	207	9.21e-09	58.9
PENPO_0016_09047	PYROM_1169_11519	24.915	293	172	17	9	275	51	321	1.09e-08	58.5
PENPO_0016_09047	MUCCI_0305_11947	31.250	144	95	4	13	154	25	166	1.52e-08	58.2
PENPO_0016_09047	PYROM_1073_11055	29.530	149	84	8	13	154	62	196	1.60e-08	58.2
PENPO_0016_09047	PYROM_0356_05006	31.410	156	82	8	13	161	66	203	1.78e-08	57.8
PENPO_0016_09047	MUCCI_0050_04288	26.061	165	105	7	1	154	65	223	1.79e-08	57.4
PENPO_0016_09047	TORHE_0005_08637	31.333	150	88	9	5	152	74	210	2.38e-08	57.4
PENPO_0016_09047	PYROM_0122_00382	26.906	223	119	11	9	206	54	257	2.46e-08	57.4
PENPO_0016_09047	PENST_0039_10242	27.103	214	128	11	4	207	76	271	2.52e-08	57.4
PENPO_0016_09047	PYROM_0314_04025	32.639	144	80	8	13	151	60	191	2.66e-08	57.4
PENPO_0016_09047	AGABI_0014_01831	28.966	145	91	6	19	156	3	142	3.03e-08	57.0
PENPO_0016_09047	DIPCO_0003_00931	25.088	283	165	12	21	275	79	342	3.36e-08	57.0
PENPO_0016_09047	PYROM_0316_04037	28.758	153	87	8	7	152	54	191	3.62e-08	57.0
PENPO_0016_09047	ARTOL_0082_06320	26.484	219	140	9	10	228	65	262	3.89e-08	56.6
PENPO_0016_09047	TALIS_0002_01530	30.000	150	90	7	11	159	59	194	4.10e-08	56.6
PENPO_0016_09047	OIDMA_0003_04784	26.506	166	99	5	15	179	68	211	4.11e-08	56.6
PENPO_0016_09047	TALIS_0003_02446	25.871	201	134	8	10	206	59	248	4.34e-08	56.6
PENPO_0016_09047	CORMI_0003_03332	27.381	168	109	6	11	175	242	399	4.34e-08	57.0
PENPO_0016_09047	PENRO_0010_11819	32.026	153	91	6	11	153	21	170	4.37e-08	56.6
PENPO_0016_09047	TALIS_0003_02998	31.884	138	66	7	50	178	18	136	4.59e-08	56.2
PENPO_0016_09047	OIDMA_0021_14858	29.333	150	86	6	10	152	98	234	5.03e-08	56.6
PENPO_0016_09047	ASPCA_0005_06211	28.492	179	108	9	10	175	20	191	5.62e-08	56.2
PENPO_0016_09047	ASPTE_0014_04702	27.119	295	168	15	11	275	37	314	5.67e-08	56.2
PENPO_0016_09047	ASPCA_0032_15108	28.387	155	88	8	10	157	79	217	6.31e-08	56.2
PENPO_0016_09047	MUCCI_0157_09103	26.000	150	99	6	11	154	42	185	6.86e-08	55.8
PENPO_0016_09047	METMA_0019_04829	32.353	136	77	7	23	154	101	225	7.00e-08	56.2
PENPO_0016_09047	ASPCA_0006_06671	25.329	304	161	16	11	275	47	323	7.25e-08	55.8
PENPO_0016_09047	MUCCI_0326_12092	25.728	206	120	10	16	206	224	411	7.43e-08	56.2
PENPO_0016_09047	PENST_0005_03956	30.667	150	83	9	11	153	68	203	7.78e-08	55.8
PENPO_0016_09047	PENFL_0004_02049	30.921	152	80	8	11	153	41	176	8.42e-08	55.8
PENPO_0016_09047	PENFL_0013_04620	26.347	167	113	3	9	171	16	176	1.02e-07	55.5
PENPO_0016_09047	TORHE_0006_09739	28.994	169	105	8	11	175	310	467	1.03e-07	56.2
PENPO_0016_09047	ASPKA_0066_06973	27.835	194	109	10	46	235	133	299	1.03e-07	55.8
PENPO_0016_09047	TALIS_0002_00309	26.298	289	171	16	10	275	116	385	1.05e-07	55.8
PENPO_0016_09047	ASPNI_0019_13195	27.835	194	109	10	46	235	133	299	1.25e-07	55.5
PENPO_0016_09047	PYROM_0516_07046	26.132	287	169	17	13	275	59	326	1.30e-07	55.1
PENPO_0016_09047	PYROM_0356_05007	30.519	154	69	7	16	165	31	150	1.30e-07	55.1
PENPO_0016_09047	AGABI_0011_01181	31.507	146	92	5	11	152	22	163	1.36e-07	55.1
PENPO_0016_09047	DIPCO_0015_03504	30.282	142	84	7	11	148	73	203	1.41e-07	55.5
PENPO_0016_09047	PENFL_0001_00692	31.081	148	89	6	10	153	55	193	1.46e-07	55.1
PENPO_0016_09047	PENAN_0005_02643	31.159	138	86	6	9	141	6	139	1.48e-07	52.8
PENPO_0016_09047	ASPCA_0013_12303	30.000	150	91	6	10	154	55	195	1.58e-07	55.1
PENPO_0016_09047	MUCCI_0118_07700	29.375	160	105	6	11	168	87	240	1.66e-07	55.1
PENPO_0016_09047	TALIS_0003_02358	26.291	213	125	11	11	209	106	300	1.88e-07	55.1
PENPO_0016_09047	PENEN_0095_07044	29.655	145	99	3	11	154	14	156	2.16e-07	54.3
PENPO_0016_09047	DIPCO_0016_03633	29.375	160	91	7	11	163	104	248	2.30e-07	54.7
PENPO_0016_09047	PENVU_0029_06804	28.922	204	131	7	10	209	55	248	2.35e-07	54.7
PENPO_0016_09047	ARTOL_0111_08349	29.480	173	97	10	10	175	70	224	2.43e-07	54.3
PENPO_0016_09047	PENST_0005_03444	28.736	174	106	8	5	174	64	223	2.45e-07	54.3
PENPO_0016_09047	PYROM_0508_06975	25.279	269	156	14	35	275	35	286	2.67e-07	54.3
PENPO_0016_09047	MUCCI_0067_05328	27.857	140	95	5	21	158	80	215	2.68e-07	54.3
PENPO_0016_09047	NEOFI_0259_09867	29.412	153	100	5	1	151	4	150	2.75e-07	53.9
PENPO_0016_09047	ARTOL_0098_07516	28.824	170	108	5	3	160	10	178	3.14e-07	53.9
PENPO_0016_09047	CORMI_0002_01892	29.101	189	104	11	5	174	90	267	3.19e-07	54.3
PENPO_0016_09047	PENSU_0455_09751	30.000	150	84	8	11	153	14	149	3.29e-07	53.9
PENPO_0016_09047	DIPCO_0126_10792	30.263	152	80	8	11	153	90	224	3.66e-07	53.9
PENPO_0016_09047	DIPCO_0092_10335	31.757	148	92	5	10	156	62	201	3.66e-07	53.9
PENPO_0016_09047	METMA_0009_02673	28.667	150	84	7	11	152	304	438	3.88e-07	54.3
PENPO_0016_09047	MUCCI_0024_02492	27.500	160	96	7	12	154	4	160	4.38e-07	53.9
PENPO_0016_09047	MUCCI_0141_08583	27.407	135	85	6	21	148	181	309	4.45e-07	53.9
PENPO_0016_09047	PYROM_0409_05696	29.655	145	80	8	16	153	74	203	4.59e-07	53.5
PENPO_0016_09047	TORHE_0002_02482	28.387	155	93	7	3	152	107	248	4.72e-07	53.9
PENPO_0016_09047	CORMI_0004_04182	26.667	210	131	8	9	208	61	257	4.93e-07	53.5
PENPO_0016_09047	PENRO_0004_08385	26.721	247	108	13	11	248	41	223	5.07e-07	53.5
PENPO_0016_09047	PENCO_0002_02449	28.472	144	98	3	10	153	55	193	5.20e-07	53.5
PENPO_0016_09047	PENSU_0475_10888	28.767	146	98	4	10	154	55	195	5.57e-07	53.5
PENPO_0016_09047	ASPTE_0002_00912	31.724	145	86	8	10	151	53	187	5.63e-07	53.9
PENPO_0016_09047	PENSU_0485_11740	29.333	150	88	6	11	154	86	223	6.44e-07	53.5
PENPO_0016_09047	TALIS_0002_01095	28.276	145	99	4	10	154	58	197	6.48e-07	53.9
PENPO_0016_09047	METMA_0289_11059	29.870	154	85	8	23	170	82	218	6.76e-07	53.1
PENPO_0016_09047	PENST_0002_01963	30.409	171	94	9	11	176	92	242	6.78e-07	53.1
PENPO_0016_09047	DIPCO_0012_02950	28.324	173	105	7	11	179	53	210	7.28e-07	53.1
PENPO_0016_09047	PENEN_0086_06290	27.059	170	118	4	10	178	55	219	7.47e-07	53.1
PENPO_0016_09047	MUCCI_0076_05797	25.806	155	103	6	9	154	193	344	8.02e-07	53.1
PENPO_0016_09047	PENCO_0005_04704	31.818	132	84	3	22	151	59	186	8.11e-07	52.8
PENPO_0016_09047	ASPCA_0004_04044	23.183	289	178	14	11	275	54	322	8.30e-07	52.8
PENPO_0016_09047	STELY_0281_08928	26.829	164	103	9	10	170	25	174	8.53e-07	52.8
PENPO_0016_09047	PENFL_0015_05129	30.464	151	85	7	11	154	283	420	8.54e-07	53.1
PENPO_0016_09047	OIDMA_0009_09575	23.451	226	147	9	10	223	32	243	8.58e-07	52.8
PENPO_0016_09047	ASPNI_0018_12548	28.188	149	96	7	10	157	242	380	9.01e-07	53.1
PENPO_0016_09047	ARTOL_0008_01556	25.114	219	142	8	10	228	101	297	9.61e-07	52.8
PENPO_0016_09047	DIPCO_0017_03773	27.451	204	89	12	11	186	90	262	9.88e-07	52.8
PENPO_0016_09047	TALIS_0011_08755	26.901	171	113	8	11	179	93	253	1.06e-06	52.8
PENPO_0016_09047	MUCCI_0115_07596	29.530	149	99	5	8	153	23	168	1.06e-06	52.4
PENPO_0016_09047	PYROM_1155_11385	24.373	279	167	14	21	275	71	329	1.08e-06	52.4
PENPO_0016_09047	ASPCA_0005_05293	24.762	210	116	9	22	221	48	225	1.12e-06	52.4
PENPO_0016_09047	PENEN_0095_07043	27.429	175	104	4	1	171	269	424	1.16e-06	52.8
PENPO_0016_09047	PYROM_0130_00588	28.387	155	91	8	9	157	129	269	1.17e-06	52.8
PENPO_0016_09047	DIPCO_0046_07681	33.333	144	88	6	11	151	30	168	1.48e-06	52.0
PENPO_0016_09047	OIDMA_0006_07441	25.366	205	136	7	10	209	34	226	1.49e-06	52.0
PENPO_0016_09047	TORHE_0003_05281	24.138	174	113	7	10	175	36	198	1.54e-06	52.0
PENPO_0016_09047	ASPNI_0016_11528	28.859	149	93	6	6	151	48	186	1.54e-06	52.0
PENPO_0016_09047	OIDMA_0005_06538	25.664	226	137	10	10	223	37	243	1.65e-06	52.0
PENPO_0016_09047	PYROM_0171_01307	26.415	212	119	10	9	206	50	238	1.70e-06	52.0
PENPO_0016_09047	VALMA_0073_07339	26.201	229	127	13	11	232	205	398	1.70e-06	52.4
PENPO_0016_09047	PENEN_0033_02291	27.607	163	95	9	11	162	87	237	1.71e-06	52.0
PENPO_0016_09047	NEOFI_0257_07305	26.403	303	160	18	11	275	37	314	1.73e-06	52.0
PENPO_0016_09047	PENAN_0001_00319	28.859	149	97	5	10	154	55	198	1.86e-06	51.6
PENPO_0016_09047	PYROM_0691_08908	26.471	136	86	6	22	157	113	234	1.92e-06	51.2
PENPO_0016_09047	ASPCA_0006_07356	30.827	133	76	8	50	179	108	227	1.93e-06	51.6
PENPO_0016_09047	ARTOL_0055_03636	29.825	171	91	7	9	152	7	175	1.94e-06	52.0
PENPO_0016_09047	PENFR_0001_00083	23.077	286	187	10	10	275	55	327	2.08e-06	51.6
PENPO_0016_09047	PENCO_0001_00354	30.263	152	81	10	11	153	42	177	2.11e-06	51.6
PENPO_0016_09047	ASPCA_0012_11933	25.389	193	121	10	21	206	63	239	2.30e-06	51.6
PENPO_0016_09047	MUCCI_0042_03825	30.464	151	81	8	13	154	106	241	2.38e-06	51.6
PENPO_0016_09047	PENRO_0003_06621	29.801	151	86	7	11	154	249	386	2.58e-06	51.6
PENPO_0016_09047	METMA_0005_01414	27.811	169	105	9	11	174	42	198	2.62e-06	51.2
PENPO_0016_09047	METMA_0055_07773	31.081	148	94	4	10	153	21	164	2.68e-06	51.2
PENPO_0016_09047	PENCH_0030_06122	29.801	151	86	7	11	154	82	219	2.71e-06	51.2
PENPO_0016_09047	MUCCI_0067_05329	27.374	179	112	8	11	182	22	189	2.79e-06	50.8
PENPO_0016_09047	DIPCO_0081_10028	29.921	127	76	5	50	172	94	211	2.85e-06	51.2
PENPO_0016_09047	AGABI_0020_02772	29.452	146	95	6	10	151	13	154	2.96e-06	50.1
PENPO_0016_09047	PYROM_0691_08906	28.000	150	86	8	9	151	52	186	3.00e-06	51.2
PENPO_0016_09047	PYROM_0193_01965	24.490	294	169	15	11	275	63	332	3.03e-06	51.2
PENPO_0016_09047	METMA_0008_02518	26.190	168	103	7	10	170	77	230	3.34e-06	51.2
PENPO_0016_09047	MUCCI_0243_11155	28.169	142	90	6	16	154	99	231	3.35e-06	51.2
PENPO_0016_09047	ASPCA_0003_03293	28.125	160	89	7	5	155	51	193	3.52e-06	50.8
PENPO_0016_09047	PENAR_0006_04504	29.801	151	86	7	11	154	733	870	3.67e-06	51.6
PENPO_0016_09047	PYROM_0110_00091	27.211	147	87	7	16	156	348	480	3.67e-06	51.2
PENPO_0016_09047	ASPCA_0016_13013	27.979	193	116	10	11	192	52	232	4.20e-06	50.8
PENPO_0016_09047	PENPO_0013_08279	29.139	151	84	8	11	153	40	175	4.40e-06	50.4
PENPO_0016_09047	PENAN_0001_00462	26.111	180	115	9	4	179	70	235	4.61e-06	50.8
PENPO_0016_09047	DIPCO_0041_07205	25.843	178	118	8	11	186	65	230	4.72e-06	50.4
PENPO_0016_09047	PYROM_1540_13057	25.792	221	137	12	11	227	52	249	4.74e-06	50.4
PENPO_0016_09047	ARTOL_0084_06735	26.027	146	97	5	11	148	114	256	4.93e-06	50.8
PENPO_0016_09047	PENST_0009_05723	28.477	151	88	7	11	154	292	429	4.98e-06	51.2
PENPO_0016_09047	ASPLU_0017_04205	28.188	149	94	6	6	151	49	187	5.00e-06	50.4
PENPO_0016_09047	OIDMA_0001_01570	32.432	148	84	8	10	152	59	195	5.77e-06	50.4
PENPO_0016_09047	ARTOT_0006_05603	27.083	144	85	6	11	148	83	212	5.87e-06	50.4
PENPO_0016_09047	PENFL_0061_09804	26.000	200	123	9	16	206	41	224	6.05e-06	50.1
PENPO_0016_09047	TALIS_0017_09755	26.087	207	135	9	11	212	55	248	6.21e-06	50.1
PENPO_0016_09047	PENSO_0408_06913	25.792	221	127	11	21	224	50	250	6.27e-06	50.1
PENPO_0016_09047	PENEN_0030_01718	28.966	145	102	1	10	153	25	169	6.56e-06	50.1
PENPO_0016_09047	ASPKA_0045_01320	28.261	138	88	7	21	157	88	215	6.83e-06	50.1
PENPO_0016_09047	ASPCA_0006_06357	29.530	149	95	6	10	157	64	203	6.99e-06	50.1
PENPO_0016_09047	PYROM_0960_10573	25.980	204	129	8	13	209	98	286	7.71e-06	50.1
PENPO_0016_09047	OIDMA_0005_06098	29.221	154	84	7	10	154	87	224	8.45e-06	49.7
PENPO_0016_09047	PENSO_0143_02313	29.139	151	84	8	11	153	36	171	8.49e-06	50.4
PENPO_0016_09047	OIDMA_0001_02159	31.034	145	82	8	11	151	94	224	8.50e-06	49.7
PENPO_0016_09047	PENCO_0008_06363	26.163	172	104	8	46	208	71	228	8.55e-06	49.7
PENPO_0016_09047	ARTOT_0008_07173	26.570	207	138	7	53	253	13	211	8.77e-06	49.3
PENPO_0016_09047	PENFR_0039_02224	29.139	151	84	8	11	153	19	154	8.79e-06	50.4
PENPO_0016_09047	PENVU_0001_00118	27.632	152	96	6	6	154	74	214	9.18e-06	49.7
PENPO_0016_09047	DIPCO_0087_10205	27.241	290	170	14	9	275	60	331	9.24e-06	49.7
PENPO_0016_09047	PENAN_0016_05865	29.518	166	93	9	11	167	40	190	9.37e-06	50.1
PENPO_0016_09047	PYROM_0206_02317	32.432	111	53	7	50	152	69	165	9.89e-06	49.3
PENPO_0016_09047	PENEN_0040_02840	29.605	152	87	7	10	154	286	424	9.95e-06	50.1
PENPO_0016_09047	TORHE_0003_05167	28.571	182	104	9	8	179	79	244	1.02e-05	49.7
PENPO_0016_09047	ARTOL_0194_10101	27.545	167	98	10	50	206	66	219	1.04e-05	49.3
PENPO_0016_09047	PENSU_0417_07591	50.000	50	23	2	11	59	11	59	1.09e-05	45.4
PENPO_0016_09047	ARTOL_0174_09274	32.540	126	76	6	50	175	99	215	1.22e-05	49.3
PENPO_0016_09047	ASPKA_0063_05311	29.268	164	95	9	50	206	123	272	1.22e-05	49.3
PENPO_0016_09047	MUCCI_0109_07325	28.947	152	94	7	19	166	72	213	1.29e-05	49.3
PENPO_0016_09047	PENST_0006_03985	30.070	143	86	7	21	163	54	182	1.34e-05	48.9
PENPO_0016_09047	PENVU_0006_02602	25.749	167	102	9	7	162	59	214	1.37e-05	49.3
PENPO_0016_09047	TALIS_0004_04042	32.168	143	86	6	11	151	90	223	1.38e-05	49.3
PENPO_0016_09047	METMA_0020_04944	36.364	110	48	7	50	151	173	268	1.39e-05	49.3
PENPO_0016_09047	ARTOL_0082_06222	31.852	135	75	8	49	179	64	185	1.44e-05	49.3
PENPO_0016_09047	PENSO_0043_00585	22.727	286	188	10	10	275	55	327	1.62e-05	48.9
PENPO_0016_09047	PENPO_0001_01188	22.727	286	188	10	10	275	55	327	1.62e-05	48.9
PENPO_0016_09047	PENVU_0022_05917	27.152	151	87	7	11	153	41	176	1.72e-05	48.9
PENPO_0016_09047	PENSO_0008_00101	29.139	151	87	7	11	154	285	422	1.74e-05	49.3
PENPO_0016_09047	DIPCO_0078_09893	27.879	165	104	8	9	169	77	230	1.79e-05	48.9
PENPO_0016_09047	STELY_0120_02453	28.947	152	81	7	10	148	110	247	1.84e-05	48.9
PENPO_0016_09047	PENFR_0051_02754	24.490	196	117	9	46	224	69	250	2.08e-05	48.5
PENPO_0016_09047	PYROM_0171_01306	24.242	165	102	8	21	179	62	209	2.19e-05	48.5
PENPO_0016_09047	MICGY_0007_07204	27.742	155	84	8	11	155	58	194	2.22e-05	48.5
PENPO_0016_09047	PYROM_0132_00710	33.094	139	83	7	11	148	64	193	2.34e-05	48.5
PENPO_0016_09047	MUCCI_0118_07709	27.027	148	98	6	11	154	83	224	2.47e-05	48.5
PENPO_0016_09047	OIDMA_0033_16203	23.841	302	160	17	10	275	28	295	2.51e-05	48.1
PENPO_0016_09047	ARTOT_0007_06523	27.692	195	119	11	21	206	89	270	2.55e-05	48.5
PENPO_0016_09047	DIPCO_0015_03556	27.517	149	89	5	11	153	101	236	2.67e-05	48.5
PENPO_0016_09047	OIDMA_0020_14615	27.119	177	115	7	11	175	23	197	2.70e-05	48.1
PENPO_0016_09047	OIDMA_0007_07867	27.011	174	107	8	10	179	33	190	2.91e-05	48.1
PENPO_0016_09047	OIDMA_0010_10054	26.000	150	96	7	11	157	52	189	2.98e-05	48.1
PENPO_0016_09047	NEOFI_0249_02791	28.859	149	94	5	11	153	30	172	3.01e-05	48.1
PENPO_0016_09047	PENAR_0005_03878	24.701	251	131	14	11	232	155	376	3.09e-05	48.1
PENPO_0016_09047	PENSU_0164_03430	29.771	131	80	4	59	179	22	150	3.13e-05	47.8
PENPO_0016_09047	PENRO_0005_09809	27.439	164	99	9	21	179	88	236	3.18e-05	48.1
PENPO_0016_09047	DIPCO_0064_09143	31.111	135	82	6	21	154	66	190	3.18e-05	48.1
PENPO_0016_09047	MUCCI_0012_01430	26.515	132	87	6	26	153	11	136	3.27e-05	47.8
PENPO_0016_09047	PYROM_0644_08739	25.478	157	85	8	9	154	51	186	3.36e-05	47.8
PENPO_0016_09047	MICGY_0006_06445	25.749	167	106	7	11	171	45	199	3.58e-05	47.8
PENPO_0016_09047	PENRO_0003_05453	26.601	203	122	10	16	208	41	226	3.84e-05	47.8
PENPO_0016_09047	PENCH_0032_06930	26.351	148	100	5	10	157	56	194	3.95e-05	47.8
PENPO_0016_09047	PENFR_0558_10978	28.477	151	88	7	11	154	228	365	4.09e-05	48.1
PENPO_0016_09047	OIDMA_0004_05035	24.631	203	132	8	10	207	61	247	4.14e-05	47.8
PENPO_0016_09047	PENCO_0006_05178	28.105	153	94	7	6	154	75	215	4.27e-05	47.8
PENPO_0016_09047	MICGY_0002_00250	28.994	169	90	10	50	206	159	309	4.43e-05	47.8
PENPO_0016_09047	PENAN_0003_01842	29.139	151	87	7	11	154	253	390	4.45e-05	47.8
PENPO_0016_09047	PENPO_0002_02463	28.477	151	88	7	11	154	267	404	4.52e-05	47.8
PENPO_0016_09047	METMA_0013_03551	27.948	229	125	12	4	211	140	349	5.53e-05	47.4
PENPO_0016_09047	PENAN_0034_08768	29.677	155	91	8	5	154	82	223	5.62e-05	47.4
PENPO_0016_09047	ASPCA_0005_05516	23.153	203	141	8	9	206	74	266	7.18e-05	47.0
PENPO_0016_09047	OIDMA_0028_15882	30.827	133	75	8	51	179	92	211	7.23e-05	47.0
PENPO_0016_09047	VALMA_0109_08788	27.232	224	134	11	50	260	18	225	7.53e-05	46.6
PENPO_0016_09047	ASPLU_0037_12425	30.909	110	67	4	53	157	12	117	9.44e-05	46.2
PENPO_0016_09047	MICGY_0002_01543	26.066	211	129	10	11	206	64	262	9.51e-05	46.6
PENPO_0016_09047	METMA_0037_06762	27.586	145	89	8	11	151	178	310	9.59e-05	47.0
PENPO_0016_09047	PENAR_0025_09704	28.571	182	94	9	11	167	40	210	9.71e-05	46.6
PENPO_0016_09047	PENST_0018_08403	26.174	149	87	7	38	179	123	255	1.09e-04	46.6
PENPO_0016_09047	ASPNI_0011_07793	29.609	179	76	10	11	153	86	250	1.11e-04	46.6
PENPO_0016_09047	ASPKA_0057_03614	27.517	149	95	6	6	151	48	186	1.13e-04	46.2
PENPO_0016_09047	TORHE_0002_02717	26.389	144	99	5	11	153	78	215	1.19e-04	46.2
PENPO_0016_09047	PYROM_0409_05690	33.333	75	47	2	12	86	39	110	1.25e-04	45.8
PENPO_0016_09047	PYROM_0409_05690	26.207	145	90	6	142	275	108	246	0.60	34.7
PENPO_0016_09047	ARTOT_0004_03078	28.395	162	100	8	50	206	155	305	1.26e-04	46.2
PENPO_0016_09047	PYROM_1285_12020	30.000	140	84	8	16	151	47	176	1.34e-04	46.2
PENPO_0016_09047	PENFL_0003_01708	25.676	148	101	5	10	157	57	195	1.35e-04	46.2
PENPO_0016_09047	PENST_0011_06320	27.517	149	81	7	39	175	99	232	1.41e-04	46.2
PENPO_0016_09047	PYROM_0314_04021	29.060	117	64	7	13	123	94	197	1.47e-04	45.4
PENPO_0016_09047	PENST_0007_04950	26.857	175	110	8	10	178	54	216	1.55e-04	45.8
PENPO_0016_09047	PENAR_0007_04909	27.465	142	81	7	42	175	65	192	1.65e-04	45.8
PENPO_0016_09047	PYROM_1194_11745	29.310	174	106	9	37	206	8	168	1.78e-04	45.4
PENPO_0016_09047	PYROM_0956_10551	28.671	143	71	7	21	157	74	191	1.80e-04	45.8
PENPO_0016_09047	OIDMA_0005_06151	32.857	140	75	8	21	154	68	194	1.91e-04	45.8
PENPO_0016_09047	MUCCI_0148_08819	23.488	281	147	14	10	238	113	377	2.01e-04	45.8
PENPO_0016_09047	PENFR_1044_11644	26.846	149	98	6	10	157	58	196	2.22e-04	45.4
PENPO_0016_09047	ASPNI_0003_02099	29.661	118	70	5	43	152	10	122	2.27e-04	45.8
PENPO_0016_09047	ARTOL_0077_04170	25.287	174	112	9	11	179	39	199	2.32e-04	45.4
PENPO_0016_09047	DIPCO_0115_10704	26.531	196	119	11	21	207	63	242	2.42e-04	45.4
PENPO_0016_09047	PENAR_0003_02445	31.481	108	64	3	50	153	48	149	2.58e-04	45.1
PENPO_0016_09047	PENCH_0035_08952	26.786	168	98	8	16	175	59	209	3.01e-04	45.1
PENPO_0016_09047	PENCO_0001_00978	26.174	149	99	6	10	157	59	197	3.09e-04	45.1
PENPO_0016_09047	OIDMA_0029_15994	24.286	210	137	9	10	210	53	249	3.21e-04	45.1
PENPO_0016_09047	METMA_0100_09240	32.000	75	50	1	93	166	62	136	3.57e-04	44.3
PENPO_0016_09047	PYROM_0688_08843	36.364	110	60	5	13	118	58	161	3.78e-04	44.7
PENPO_0016_09047	PYROM_1285_12037	26.708	161	104	6	50	207	109	258	3.91e-04	44.7
PENPO_0016_09047	STELY_0254_08333	29.518	166	94	10	51	208	126	276	3.99e-04	45.1
PENPO_0016_09047	PENST_0006_04025	25.161	155	95	6	9	154	12	154	4.34e-04	44.3
PENPO_0016_09047	PENVU_0003_01560	26.174	149	99	6	10	157	82	220	4.37e-04	44.7
PENPO_0016_09047	OIDMA_0001_00040	29.333	150	90	7	10	154	87	225	4.86e-04	44.3
PENPO_0016_09047	PENAR_0042_11077	29.348	92	56	4	10	97	55	141	5.52e-04	44.3
PENPO_0016_09047	PYROM_0222_02547	25.466	161	106	8	50	206	66	216	5.80e-04	44.3
PENPO_0016_09047	PENCO_0001_00341	25.294	170	105	8	4	162	68	226	5.82e-04	44.7
PENPO_0016_09047	PENSU_0059_00921	25.806	155	96	6	60	206	20	163	5.85e-04	43.9
PENPO_0016_09047	DIPCO_0002_00174	25.581	172	112	7	11	179	77	235	6.17e-04	44.3
PENPO_0016_09047	ASPKA_0057_03475	25.698	179	98	9	50	215	58	214	6.17e-04	43.9
PENPO_0016_09047	PENFL_0017_05616	25.000	132	77	6	51	175	73	189	6.19e-04	43.9
PENPO_0016_09047	CORMI_0004_04758	28.477	151	98	7	11	160	202	343	6.35e-04	44.3
PENPO_0016_09047	TALIS_0007_06561	31.858	113	59	6	22	128	83	183	6.66e-04	44.7
PENPO_0016_09047	METMA_0019_04710	25.000	148	96	5	11	152	49	187	6.79e-04	43.9
PENPO_0016_09047	OIDMA_0001_01814	24.155	207	128	9	10	207	55	241	6.88e-04	43.9
PENPO_0016_09047	PENST_0033_09956	27.273	165	96	9	51	206	94	243	7.27e-04	43.9
PENPO_0016_09047	AGABI_0008_00385	27.451	153	100	6	4	151	15	161	7.31e-04	43.9
PENPO_0016_09047	OIDMA_0001_01166	23.762	202	137	9	11	208	16	204	7.56e-04	43.5
PENPO_0016_09047	PENFR_0212_07371	24.848	165	110	8	46	206	73	227	8.41e-04	43.5
PENPO_0016_09047	TALIS_0008_07104	27.083	144	93	6	11	151	57	191	8.66e-04	43.5
PENPO_0016_09047	METMA_0008_02491	30.058	173	91	10	11	173	118	270	8.90e-04	43.9
PENPO_0016_09047	TALIS_0009_07709	29.655	145	87	8	10	151	83	215	0.001	43.5
PENPO_0016_09047	OIDMA_0005_06145	24.342	152	102	8	1	148	16	158	0.001	43.5
PENPO_0016_09047	ASPKA_0144_10334	32.955	88	53	3	8	95	39	120	0.001	43.5
PENPO_0016_09047	PENCH_0028_02829	31.532	111	57	6	51	154	182	280	0.001	43.5
PENPO_0016_09047	PYROM_1285_12070	23.280	189	94	8	21	206	68	208	0.001	43.1
PENPO_0016_09047	OIDMA_0009_09436	25.676	148	96	5	11	152	53	192	0.001	43.5
PENPO_0016_09047	CORMI_0008_08492	26.437	174	102	8	9	173	61	217	0.001	43.5
PENPO_0016_09047	PENSO_0436_07296	25.000	168	106	10	46	206	92	246	0.001	43.1
PENPO_0016_09047	OIDMA_0017_13478	29.907	107	70	3	49	153	16	119	0.001	42.7
PENPO_0016_09047	ARTOT_0002_00436	25.118	211	131	10	11	206	63	261	0.001	43.1
PENPO_0016_09047	TALIS_0011_08664	23.232	198	115	10	24	206	129	304	0.001	43.1
PENPO_0016_09047	ASPKA_0145_10573	28.205	156	99	7	11	155	23	176	0.001	43.1
PENPO_0016_09047	VALMA_0008_01836	28.846	156	86	8	11	159	143	280	0.001	43.1
PENPO_0016_09047	METMA_0006_01903	29.412	136	81	7	22	152	47	172	0.001	42.4
PENPO_0016_09047	VALMA_0087_07922	24.121	199	138	9	19	209	70	263	0.001	43.1
PENPO_0016_09047	PENEN_0020_01190	31.034	116	59	6	46	153	16	118	0.001	42.7
PENPO_0016_09047	OIDMA_0012_11474	26.316	152	88	7	10	154	59	193	0.001	43.1
PENPO_0016_09047	ASPTE_0016_06239	27.500	160	98	7	24	177	45	192	0.001	43.1
PENPO_0016_09047	PENCH_0034_08779	26.923	156	82	9	11	153	153	289	0.002	43.1
PENPO_0016_09047	PYROM_0691_08904	29.661	118	71	7	4	116	19	129	0.002	42.4
PENPO_0016_09047	PENPO_0011_07701	23.977	171	104	9	46	206	82	236	0.002	42.7
PENPO_0016_09047	PYROM_0173_01381	34.722	72	44	3	9	80	76	144	0.002	41.6
PENPO_0016_09047	PYROM_0171_01309	30.769	104	59	7	9	106	59	155	0.002	42.0
PENPO_0016_09047	ARTOL_0008_01381	29.323	133	88	5	19	151	76	202	0.002	42.7
PENPO_0016_09047	PENEN_0083_05912	24.551	167	108	9	46	206	95	249	0.002	43.1
PENPO_0016_09047	SCHPO_0001_02082	31.707	123	67	7	46	156	39	156	0.002	42.4
PENPO_0016_09047	TALIS_0003_02454	22.843	197	122	10	22	208	87	263	0.002	42.7
PENPO_0016_09047	PENFL_0011_04226	26.923	156	82	9	11	153	154	290	0.002	42.7
PENPO_0016_09047	MICGY_0003_02957	28.986	138	85	7	19	152	44	172	0.002	42.4
PENPO_0016_09047	VALMA_0022_03731	25.974	154	97	7	10	159	137	277	0.002	42.7
PENPO_0016_09047	PYROM_0361_05092	33.824	68	42	2	13	80	1	65	0.002	39.3
PENPO_0016_09047	ARTOT_0008_07832	28.873	142	85	8	11	148	62	191	0.002	42.4
PENPO_0016_09047	PENAR_0001_00244	26.812	138	90	6	21	157	55	182	0.002	42.0
PENPO_0016_09047	VALMA_0115_08994	26.573	143	89	7	10	149	112	241	0.002	42.4
PENPO_0016_09047	PENPO_0001_00448	24.088	137	95	5	21	157	84	211	0.002	42.4
PENPO_0016_09047	MICGY_0004_03920	22.174	230	149	8	11	234	79	284	0.002	42.4
PENPO_0016_09047	PENPO_0013_08444	24.201	219	136	8	7	212	49	250	0.002	42.4
PENPO_0016_09047	PENSO_0422_07231	24.201	219	136	8	7	212	49	250	0.002	42.4
PENPO_0016_09047	VALMA_0034_04858	26.761	142	96	5	10	151	124	257	0.002	42.7
PENPO_0016_09047	PENRO_0003_05119	25.405	185	108	7	7	179	49	215	0.003	42.4
PENPO_0016_09047	PENVU_0037_07608	22.887	284	165	13	11	263	157	417	0.003	42.4
PENPO_0016_09047	OIDMA_0004_05032	28.676	136	82	8	23	154	62	186	0.003	42.0
PENPO_0016_09047	CORMI_0005_05379	25.153	163	112	6	50	207	68	225	0.003	42.0
PENPO_0016_09047	TORHE_0003_03590	24.725	182	105	8	8	174	45	209	0.003	42.0
PENPO_0016_09047	PENEN_0109_08250	26.174	149	82	6	41	179	75	205	0.003	42.0
PENPO_0016_09047	ASPNI_0010_06548	26.380	163	99	7	1	157	1	148	0.003	41.6
PENPO_0016_09047	PENRO_0004_08457	22.887	284	165	14	11	263	134	394	0.004	42.0
PENPO_0016_09047	MUCCI_0002_00022	27.612	134	88	5	26	154	50	179	0.005	41.2
PENPO_0016_09047	PENVU_0060_09090	28.099	121	68	5	41	154	88	196	0.005	41.6
PENPO_0016_09047	MUCCI_0118_07701	25.000	116	79	5	46	158	17	127	0.005	40.8
PENPO_0016_09047	ASPLU_0016_03923	30.573	157	53	10	33	153	11	147	0.005	41.2
PENPO_0016_09047	DIPCO_0059_08856	26.027	146	92	8	21	162	39	172	0.005	41.2
PENPO_0016_09047	PENSO_0308_05442	22.535	284	166	13	11	263	133	393	0.005	41.2
PENPO_0016_09047	VALMA_0084_07798	28.472	144	91	6	10	151	192	325	0.005	41.6
PENPO_0016_09047	PENFR_0027_01650	22.535	284	166	13	11	263	133	393	0.006	41.2
PENPO_0016_09047	PENSO_0205_03652	26.087	138	91	6	21	157	84	211	0.006	41.2
PENPO_0016_09047	PENSU_0032_00434	25.000	136	88	6	43	175	14	138	0.006	40.8
PENPO_0016_09047	DIPCO_0038_06893	25.658	152	92	7	11	154	70	208	0.006	41.2
PENPO_0016_09047	PENPO_0011_07973	22.535	284	166	13	11	263	153	413	0.006	41.2
PENPO_0016_09047	MICGY_0003_02146	26.452	155	91	7	11	157	77	216	0.006	41.2
PENPO_0016_09047	ASPCA_0037_15281	37.333	75	43	3	11	84	57	128	0.007	39.3
PENPO_0016_09047	PENAR_0084_11662	28.030	132	81	6	51	179	21	141	0.007	40.4
PENPO_0016_09047	PYROM_0765_09334	31.034	87	54	4	9	95	51	131	0.007	40.8
PENPO_0016_09047	TALIS_0010_08146	33.333	108	56	7	50	152	95	191	0.008	40.8
PENPO_0016_09047	MICGY_0005_05677	26.752	157	92	7	11	160	58	198	0.008	40.8
PENPO_0016_09047	AGABI_0010_01108	29.457	129	74	6	51	172	70	188	0.008	40.8
PENPO_0016_09047	TALIS_0009_07724	30.172	116	70	5	15	128	27	133	0.009	40.4
PENPO_0016_09047	OIDMA_0001_01816	25.191	131	82	4	38	156	27	153	0.009	40.4
PENPO_0016_09047	PENEN_0027_01623	26.619	139	87	7	13	148	72	198	0.009	40.4
PENPO_0016_09047	TALIS_0010_08071	24.123	228	146	9	1	217	462	673	0.009	40.8
PENPO_0016_09047	MUCCI_0015_01730	24.000	125	90	5	27	148	126	248	0.010	40.4
PENPO_0016_09047	ARTOL_0044_02509	30.120	83	51	2	128	210	977	1052	0.010	40.8
PENPO_0016_09047	PENEN_0108_08122	25.641	156	84	9	11	153	154	290	0.010	40.4
PENPO_0016_09047	PENSO_0489_08912	27.778	108	68	3	50	153	48	149	0.010	40.0
PENPO_0016_09047	OIDMA_0002_03362	28.378	148	87	8	11	152	59	193	0.011	40.4
PENPO_0016_09047	PENAR_0054_11394	27.612	134	71	8	51	175	44	160	0.011	40.0
PENPO_0016_09047	OIDMA_0014_12271	27.389	157	78	9	50	201	100	225	0.011	40.0
PENPO_0016_09047	STELY_0195_06645	32.110	109	61	5	48	147	37	141	0.012	40.0
PENPO_0016_09047	DIPCO_0002_00325	26.957	115	66	6	46	154	49	151	0.012	40.0
PENPO_0016_09047	PENST_0004_02953	30.556	108	64	5	50	154	138	237	0.012	40.4
PENPO_0016_09047	CORMI_0004_04334	24.859	177	103	8	10	170	67	229	0.012	40.0
