PENPO_0016_09045	PENPO_0016_09045	100.000	425	0	0	1	425	1	425	0.0	887
PENPO_0016_09045	PENSO_0198_03397	99.765	425	1	0	1	425	1	425	0.0	885
PENPO_0016_09045	PENFR_0134_05619	95.765	425	18	0	1	425	1	425	0.0	852
PENPO_0016_09045	TALIS_0004_04491	85.211	426	62	1	1	425	1	426	0.0	752
PENPO_0016_09045	ASPLU_0018_04500	45.652	368	189	6	51	415	54	413	6.08e-100	308
PENPO_0016_09045	ASPKA_0061_04872	45.652	368	189	6	51	415	54	413	6.08e-100	308
PENPO_0016_09045	ASPNI_0009_06077	45.380	368	190	5	51	415	54	413	2.20e-99	307
PENPO_0016_09045	ASPCA_0007_08126	43.681	364	188	6	52	406	41	396	4.04e-95	296
PENPO_0016_09045	VALMA_0056_06366	42.553	376	192	9	66	425	69	436	3.93e-86	273
PENPO_0016_09045	ARTOT_0005_04906	37.500	368	213	7	71	424	9	373	1.36e-69	228
PENPO_0016_09045	PENEN_0113_08580	36.769	359	214	7	72	424	41	392	1.96e-64	214
PENPO_0016_09045	PENRO_0010_11815	39.233	339	198	4	72	405	41	376	5.55e-63	212
PENPO_0016_09045	METMA_0101_09268	36.364	297	183	3	119	410	3	298	2.88e-57	193
PENPO_0016_09045	MICGY_0004_04126	32.658	395	235	12	51	421	15	402	1.29e-52	185
PENPO_0016_09045	VALMA_0001_00290	32.124	386	235	9	47	424	36	402	1.19e-50	180
PENPO_0016_09045	ARTOT_0010_08675	32.386	352	216	7	70	405	73	418	3.14e-48	174
PENPO_0016_09045	NEOFI_0251_04027	32.865	356	209	9	70	405	69	414	7.67e-46	167
PENPO_0016_09045	ASPTE_0010_02569	32.092	349	221	8	70	405	67	412	1.04e-44	164
PENPO_0016_09045	METMA_0160_10310	30.878	353	233	6	77	421	23	372	1.75e-44	162
PENPO_0016_09045	MICGY_0011_08870	31.831	355	213	9	70	405	67	411	2.69e-42	158
PENPO_0016_09045	ARTOL_0044_02237	29.921	381	246	11	56	424	15	386	1.33e-39	150
PENPO_0016_09045	PENRO_0004_08215	29.067	375	236	8	70	424	28	392	3.97e-39	149
PENPO_0016_09045	STELY_0257_08354	30.380	395	222	10	71	424	22	404	4.94e-39	149
PENPO_0016_09045	ASPCA_0003_02967	29.487	390	247	10	52	424	24	402	4.82e-38	146
PENPO_0016_09045	METMA_0025_05561	30.990	384	215	13	70	424	33	395	3.74e-37	143
PENPO_0016_09045	PENVU_0004_01865	29.679	374	235	7	70	424	28	392	1.01e-36	142
PENPO_0016_09045	ASPCA_0003_02997	27.919	394	256	9	51	424	12	397	3.16e-36	141
PENPO_0016_09045	OIDMA_0014_12387	29.114	395	247	15	49	424	4	384	4.36e-35	137
PENPO_0016_09045	PENST_0021_08812	28.000	400	250	11	50	424	9	395	1.18e-34	137
PENPO_0016_09045	PENAN_0054_09969	27.807	374	244	11	68	423	22	387	9.79e-31	125
PENPO_0016_09045	PENFL_0076_10222	27.807	374	244	11	68	423	22	387	2.66e-30	124
PENPO_0016_09045	PYROM_0607_08070	27.184	412	246	17	46	425	14	403	4.64e-28	117
PENPO_0016_09045	PENSU_0104_02315	25.765	392	267	9	48	421	6	391	2.00e-27	115
PENPO_0016_09045	ASPCA_0007_08697	29.921	381	204	14	62	406	48	401	2.04e-27	116
PENPO_0016_09045	ASPCA_0005_05038	26.622	447	241	14	20	421	3	407	3.31e-27	115
PENPO_0016_09045	AGABI_0034_03831	27.224	371	230	12	71	425	49	395	6.34e-27	115
PENPO_0016_09045	ARTOT_0004_03599	30.707	368	221	13	68	414	21	375	1.53e-26	114
PENPO_0016_09045	PENEN_0099_07237	26.087	368	245	9	55	408	17	371	4.32e-26	112
PENPO_0016_09045	NEOFI_0253_04784	28.150	373	228	13	65	415	35	389	8.09e-26	112
PENPO_0016_09045	MICGY_0007_06639	30.518	367	221	13	69	414	22	375	8.27e-26	111
PENPO_0016_09045	PENVU_0072_09514	27.005	374	232	14	63	417	37	388	2.47e-25	110
PENPO_0016_09045	ARTOT_0006_05753	25.895	363	246	12	56	405	52	404	6.39e-25	109
PENPO_0016_09045	PENCO_0014_08430	27.833	406	246	18	49	423	14	403	7.68e-25	109
PENPO_0016_09045	PENCO_0005_04683	27.371	369	237	15	63	417	37	388	8.63e-25	108
PENPO_0016_09045	PENSO_0382_06444	26.891	357	230	10	63	406	38	376	8.92e-25	108
PENPO_0016_09045	PENPO_0014_08527	26.611	357	231	10	63	406	38	376	1.15e-24	108
PENPO_0016_09045	ARTOT_0006_05443	28.720	289	194	6	58	343	18	297	2.92e-24	107
PENPO_0016_09045	NEOFI_0259_09856	29.268	328	215	8	83	405	61	376	5.55e-24	106
PENPO_0016_09045	PENST_0046_10335	26.503	366	234	12	60	406	18	367	5.57e-24	107
PENPO_0016_09045	MICGY_0003_02892	25.683	366	243	13	56	405	19	371	6.05e-24	106
PENPO_0016_09045	ASPTE_0007_01062	27.500	360	241	12	53	406	40	385	1.55e-23	105
PENPO_0016_09045	ASPNI_0015_10665	28.324	346	216	10	71	405	55	379	1.62e-23	105
PENPO_0016_09045	PENAN_0054_09959	27.688	372	244	11	47	406	7	365	1.63e-23	104
PENPO_0016_09045	PENFL_0070_10087	27.249	378	238	12	47	406	7	365	1.68e-23	104
PENPO_0016_09045	AGABI_0011_01340	25.946	370	238	11	71	425	151	499	1.87e-23	105
PENPO_0016_09045	PENFR_0009_00622	26.136	352	241	11	63	407	36	375	2.38e-23	104
PENPO_0016_09045	ASPCA_0022_14225	27.105	380	228	12	56	405	9	369	6.74e-23	102
PENPO_0016_09045	ASPKA_0063_05402	29.023	348	211	13	71	405	61	385	8.39e-23	103
PENPO_0016_09045	ASPLU_0007_01131	29.023	348	211	13	71	405	61	385	8.39e-23	103
PENPO_0016_09045	PENST_0006_04378	26.486	370	235	12	63	421	28	371	1.25e-22	101
PENPO_0016_09045	MICGY_0002_00068	25.620	363	232	11	62	406	26	368	2.06e-22	102
PENPO_0016_09045	PENPO_0026_10421	26.934	349	239	9	62	405	22	359	2.79e-22	101
PENPO_0016_09045	PENSU_0496_12266	27.089	347	234	11	64	406	28	359	3.63e-22	100
PENPO_0016_09045	PENSO_0243_04588	26.934	349	239	9	62	405	22	359	6.96e-22	100
PENPO_0016_09045	NEOFI_0255_05362	27.759	299	188	8	63	346	24	309	6.45e-21	97.1
PENPO_0016_09045	ARTOT_0006_06055	25.538	372	245	10	51	406	12	367	7.57e-21	97.4
PENPO_0016_09045	PENRO_0006_10411	24.590	366	253	10	52	406	14	367	2.90e-20	95.9
PENPO_0016_09045	CORMI_0004_04399	29.911	224	150	4	138	360	66	283	3.97e-20	94.4
PENPO_0016_09045	PENVU_0072_09515	26.190	294	190	10	63	346	29	305	4.18e-20	95.1
PENPO_0016_09045	PENCO_0005_04684	26.190	294	192	9	62	346	29	306	5.49e-20	94.7
PENPO_0016_09045	NEOFI_0251_03824	25.722	381	236	13	69	424	56	414	1.40e-19	94.0
PENPO_0016_09045	NEOFI_0245_00015	26.243	362	227	12	68	406	44	388	1.63e-19	93.2
PENPO_0016_09045	NEOFI_0255_05395	25.000	320	223	6	75	387	60	369	2.83e-19	92.8
PENPO_0016_09045	PENSO_0405_06839	28.328	293	196	7	63	347	24	310	4.21e-19	91.7
PENPO_0016_09045	ASPTE_0022_10242	25.429	350	243	8	55	401	22	356	2.26e-18	89.4
PENPO_0016_09045	NEOFI_0255_05358	24.650	357	205	8	55	365	74	412	2.62e-18	90.5
PENPO_0016_09045	PENEN_0099_07200	27.003	337	211	14	67	387	39	356	4.94e-18	89.0
PENPO_0016_09045	NEOFI_0257_06597	26.549	339	211	11	67	387	37	355	2.79e-17	86.7
PENPO_0016_09045	ASPCA_0009_09836	26.471	374	233	15	53	403	26	380	3.44e-17	86.7
PENPO_0016_09045	PENVU_0043_08089	25.852	352	232	14	67	406	62	396	4.47e-17	85.9
PENPO_0016_09045	ASPTE_0002_00702	24.277	346	238	10	71	401	19	355	1.77e-16	84.3
PENPO_0016_09045	OIDMA_0026_15719	23.421	380	250	10	70	425	54	416	3.05e-16	84.0
PENPO_0016_09045	PENAN_0023_07295	25.070	359	226	15	67	406	39	373	6.09e-16	82.8
PENPO_0016_09045	PENFL_0009_03526	25.069	363	221	14	67	406	39	373	6.20e-16	82.8
PENPO_0016_09045	PENCH_0029_04396	26.048	334	218	12	67	387	39	356	8.07e-16	82.4
PENPO_0016_09045	ASPCA_0022_14222	24.590	366	222	14	69	406	44	383	1.34e-15	81.6
PENPO_0016_09045	PENRO_0002_03483	25.068	367	242	14	55	406	26	374	1.48e-15	81.6
PENPO_0016_09045	METMA_0103_09309	22.105	380	235	10	64	406	16	371	3.57e-15	80.5
PENPO_0016_09045	ASPCA_0018_13487	24.590	366	234	12	62	406	41	385	4.01e-15	80.1
PENPO_0016_09045	ASPTE_0015_04996	23.967	363	256	10	53	406	13	364	9.14e-15	79.0
PENPO_0016_09045	PENCO_0013_08241	25.069	363	221	14	67	406	38	372	9.76e-15	78.6
PENPO_0016_09045	PENAN_0002_01053	22.396	384	265	11	64	423	25	399	2.53e-14	77.8
PENPO_0016_09045	ASPTE_0014_04800	26.236	263	180	9	148	405	11	264	5.75e-14	75.9
PENPO_0016_09045	ASPTE_0017_06945	25.138	362	244	15	55	405	38	383	2.45e-13	74.7
PENPO_0016_09045	ASPTE_0021_09247	23.512	336	235	11	72	393	20	347	5.95e-12	70.5
PENPO_0016_09045	PENAR_0005_03650	27.333	300	190	10	100	387	78	361	4.99e-11	67.4
PENPO_0016_09045	PENSU_0462_10194	25.798	376	236	16	50	404	8	361	8.69e-11	66.6
PENPO_0016_09045	ASPTE_0018_07021	26.154	325	214	12	71	387	35	341	2.04e-10	65.9
PENPO_0016_09045	ASPCA_0022_14191	29.814	161	105	4	107	261	18	176	2.89e-10	62.8
PENPO_0016_09045	PENST_0034_10019	23.140	242	172	5	147	384	4	235	4.77e-10	63.5
PENPO_0016_09045	NEOFI_0257_08466	23.138	376	232	12	63	396	30	390	2.03e-08	59.7
PENPO_0016_09045	PENCO_0012_08062	31.915	141	75	3	288	410	92	229	5.77e-08	56.6
PENPO_0016_09045	MICGY_0006_05950	22.414	232	162	6	188	406	9	235	8.15e-08	57.0
PENPO_0016_09045	PENPO_0005_04835	26.400	125	88	3	227	347	15	139	1.12e-05	50.1
PENPO_0016_09045	PENCO_0012_08066	24.324	148	91	2	296	424	1	146	3.24e-05	48.1
PENPO_0016_09045	OIDMA_0003_04560	22.481	258	182	6	83	327	1	253	2.61e-04	46.6
PENPO_0016_09045	PENAN_0006_03068	26.210	248	151	11	121	346	2	239	0.004	42.7
PENPO_0016_09045	ASPTE_0018_07290	22.559	297	199	9	71	346	30	316	0.006	42.4
PENPO_0016_09045	PENAR_0004_02941	24.684	158	84	6	275	423	316	447	0.58	36.2
PENPO_0016_09045	PENEN_0017_01111	33.929	56	31	1	42	97	196	245	1.3	34.3
PENPO_0016_09045	PENVU_0024_06267	33.333	57	32	1	41	97	325	375	1.4	34.7
PENPO_0016_09045	PENSU_0524_13791	33.333	69	38	2	27	95	312	372	1.8	34.3
PENPO_0016_09045	PENRO_0008_11404	29.670	91	55	3	13	102	295	377	2.5	33.9
PENPO_0016_09045	PENCO_0012_08065	26.374	91	64	2	153	240	37	127	2.9	33.1
PENPO_0016_09045	PENSU_0155_03357	42.857	28	16	0	287	314	35	62	2.9	30.8
PENPO_0016_09045	PENSO_0449_07752	32.143	56	32	1	42	97	324	373	4.2	33.1
PENPO_0016_09045	PENPO_0019_09678	32.143	56	32	1	42	97	324	373	4.2	33.1
PENPO_0016_09045	PENFL_0023_06653	32.143	56	32	1	42	97	323	372	5.0	33.1
PENPO_0016_09045	METMA_0077_08601	31.746	63	39	2	91	152	65	124	5.0	33.1
PENPO_0016_09045	PENFR_0105_04755	32.143	56	32	1	42	97	223	272	5.1	32.7
PENPO_0016_09045	SCHPO_0002_02753	25.806	124	75	3	110	226	287	400	5.6	33.1
PENPO_0016_09045	PENRO_0002_03531	28.788	132	72	7	30	148	130	252	8.0	32.3
PENPO_0016_09045	ASPNI_0016_11547	34.884	43	22	1	53	95	318	354	9.1	32.0
