PENPO_0016_09046	PENPO_0016_09046	100.000	742	0	0	1	742	1	742	0.0	1521
PENPO_0016_09046	PENSO_0198_03396	98.113	742	14	0	1	742	1	742	0.0	1491
PENPO_0016_09046	PENFR_0134_05620	96.900	742	23	0	1	742	1	742	0.0	1475
PENPO_0016_09046	TALIS_0004_04492	88.798	732	78	1	1	732	1	728	0.0	1330
PENPO_0016_09046	METMA_0198_10618	46.434	715	324	9	4	700	7	680	0.0	600
PENPO_0016_09046	ASPKA_0067_07650	42.721	735	372	10	6	731	4	698	0.0	556
PENPO_0016_09046	ASPLU_0026_10187	42.721	735	372	10	6	731	4	698	0.0	556
PENPO_0016_09046	OIDMA_0026_15745	42.154	752	362	15	3	730	8	710	1.37e-180	536
PENPO_0016_09046	ASPNI_0014_09984	49.444	540	249	7	6	536	4	528	3.78e-171	507
PENPO_0016_09046	OIDMA_0001_01827	41.678	751	377	14	3	735	5	712	3.98e-171	511
PENPO_0016_09046	DIPCO_0045_07606	43.399	712	348	17	24	722	33	702	1.98e-164	494
PENPO_0016_09046	METMA_0012_03347	39.735	755	376	16	2	732	5	704	5.29e-163	490
PENPO_0016_09046	ASPCA_0002_00687	40.327	734	360	15	3	720	17	688	1.98e-158	479
PENPO_0016_09046	PENCO_0001_00344	39.724	725	372	15	7	723	24	691	1.28e-155	471
PENPO_0016_09046	ASPTE_0009_01749	38.095	735	390	14	1	726	1	679	3.78e-153	464
PENPO_0016_09046	ASPKA_0040_00828	38.028	710	378	12	23	720	63	722	1.43e-151	462
PENPO_0016_09046	PENSU_0484_11705	36.986	730	378	10	4	717	25	688	1.62e-150	457
PENPO_0016_09046	PENAR_0006_04099	39.044	753	395	15	3	741	20	722	2.82e-150	458
PENPO_0016_09046	TALIS_0002_01664	38.978	685	354	10	9	675	11	649	3.67e-150	457
PENPO_0016_09046	ASPNI_0009_06155	36.481	773	377	13	17	742	61	766	3.67e-149	456
PENPO_0016_09046	ASPLU_0043_12843	37.568	732	372	14	23	720	63	743	5.13e-149	456
PENPO_0016_09046	PENCO_0005_04467	37.683	751	406	11	3	741	20	720	1.25e-148	454
PENPO_0016_09046	ASPCA_0007_08713	39.065	727	354	18	25	723	36	701	1.36e-147	450
PENPO_0016_09046	PENSU_0492_11946	39.674	736	369	14	3	720	20	698	1.42e-147	451
PENPO_0016_09046	PENVU_0019_05484	39.296	710	365	16	15	716	33	684	1.58e-147	449
PENPO_0016_09046	PENAR_0010_06323	38.773	717	374	17	17	723	1	662	1.41e-146	446
PENPO_0016_09046	ASPTE_0021_09273	39.195	745	379	15	2	730	9	695	1.63e-146	447
PENPO_0016_09046	PENST_0012_06785	38.190	707	351	13	26	718	43	677	3.99e-146	446
PENPO_0016_09046	PENAN_0011_04637	38.773	717	374	17	17	723	34	695	5.97e-146	446
PENPO_0016_09046	ASPNI_0001_00440	38.389	745	383	18	3	726	10	699	7.02e-144	441
PENPO_0016_09046	PENST_0001_00992	37.417	751	375	14	3	722	4	690	1.28e-143	440
PENPO_0016_09046	TALIS_0004_04863	36.130	739	399	14	2	732	6	679	2.61e-141	434
PENPO_0016_09046	TALIS_0003_02593	40.091	656	328	10	28	675	29	627	1.05e-139	439
PENPO_0016_09046	ASPKA_0067_07477	37.450	745	390	16	3	726	10	699	1.32e-138	427
PENPO_0016_09046	ASPLU_0021_07336	37.450	745	390	16	3	726	10	699	1.32e-138	427
PENPO_0016_09046	PENRO_0005_09173	37.042	737	373	13	1	718	2	666	3.45e-138	425
PENPO_0016_09046	PENAN_0030_08329	38.688	747	350	18	25	733	31	707	1.31e-135	419
PENPO_0016_09046	PENEN_0089_06487	36.043	738	390	12	3	718	4	681	1.69e-135	419
PENPO_0016_09046	PENAR_0022_09223	38.388	732	346	17	25	720	31	693	2.07e-133	414
PENPO_0016_09046	PENCO_0001_01242	36.743	743	378	18	3	718	4	681	1.10e-132	411
PENPO_0016_09046	PYROM_0171_01318	37.276	727	368	17	23	728	74	733	3.31e-132	411
PENPO_0016_09046	NEOFI_0257_07601	40.325	615	307	11	143	738	1	574	1.03e-131	405
PENPO_0016_09046	ARTOL_0216_10557	37.341	707	362	15	30	720	33	674	6.47e-130	405
PENPO_0016_09046	PENAN_0016_05942	37.228	736	383	15	3	720	23	697	1.19e-128	401
PENPO_0016_09046	PENAR_0033_10574	39.592	687	347	17	3	675	25	657	1.23e-126	400
PENPO_0016_09046	PENFL_0002_01222	44.922	512	249	9	21	515	26	521	4.50e-126	394
PENPO_0016_09046	PENCO_0004_03911	45.793	511	233	10	27	515	33	521	1.00e-124	391
PENPO_0016_09046	PENPO_0009_06863	44.643	504	247	8	28	515	34	521	1.99e-124	390
PENPO_0016_09046	PENSO_0478_08525	44.643	504	247	7	28	515	34	521	2.49e-124	390
PENPO_0016_09046	PENFR_0586_11085	44.444	504	248	7	28	515	34	521	6.16e-124	389
PENPO_0016_09046	PENEN_0102_07801	44.488	508	248	9	25	515	20	510	6.47e-124	389
PENPO_0016_09046	PENAR_0022_09333	38.304	684	351	14	51	720	285	911	5.14e-122	390
PENPO_0016_09046	PENCH_0034_07806	44.922	512	249	9	21	515	26	521	1.11e-120	380
PENPO_0016_09046	TALIS_0006_05843	47.478	337	160	5	185	516	1	325	2.09e-99	313
PENPO_0016_09046	METMA_0025_05562	29.730	444	259	8	76	509	55	455	2.95e-47	178
PENPO_0016_09046	OIDMA_0020_14426	31.522	460	267	10	54	506	32	450	8.56e-45	171
PENPO_0016_09046	PENSU_0216_04901	40.887	203	112	2	149	343	2	204	5.71e-36	137
PENPO_0016_09046	PENSU_0241_05089	41.121	107	60	1	279	382	1	107	2.78e-21	93.6
PENPO_0016_09046	ASPNI_0014_09985	34.722	72	46	1	659	730	1	71	2.40e-04	43.9
PENPO_0016_09046	PENVU_0071_09487	28.058	139	78	5	101	221	98	232	0.008	42.7
PENPO_0016_09046	PENSU_0166_03614	24.627	134	70	5	115	221	135	264	4.4	34.3
PENPO_0016_09046	METMA_0026_05759	30.851	94	47	4	248	324	323	415	5.8	33.9
PENPO_0016_09046	STELY_0108_01414	37.500	64	35	2	330	393	1033	1091	7.7	33.5
PENPO_0016_09046	METMA_0083_08787	23.932	117	76	3	402	505	105	221	7.9	33.5
PENPO_0016_09046	DIPCO_0059_08835	32.857	70	31	2	646	699	431	500	9.3	33.1
