PENPO_0016_09049	PENPO_0016_09049	100.000	332	0	0	1	332	1	332	0.0	675
PENPO_0016_09049	PENSO_0198_03393	99.398	332	2	0	1	332	1	332	0.0	671
PENPO_0016_09049	PENFR_0134_05623	95.468	331	15	0	1	331	1	331	0.0	644
PENPO_0016_09049	TALIS_0004_04488	89.426	331	35	0	1	331	1	331	0.0	612
PENPO_0016_09049	PENVU_0002_01004	84.942	259	39	0	72	330	16	274	1.66e-163	459
PENPO_0016_09049	VALMA_0056_06369	42.730	337	183	6	3	331	2	336	1.43e-86	266
PENPO_0016_09049	PENAN_0001_00669	39.255	349	190	6	1	330	1	346	2.23e-72	230
PENPO_0016_09049	OIDMA_0005_05888	37.243	341	201	5	1	330	1	339	8.68e-70	223
PENPO_0016_09049	OIDMA_0011_10451	38.682	349	192	6	1	330	1	346	2.15e-69	223
PENPO_0016_09049	OIDMA_0001_00425	37.791	344	198	8	1	330	1	342	7.23e-61	201
PENPO_0016_09049	TORHE_0002_01759	36.207	348	196	8	1	331	1	339	3.54e-59	196
PENPO_0016_09049	TORHE_0002_02641	35.260	346	202	7	1	330	1	340	4.48e-59	196
PENPO_0016_09049	OIDMA_0014_12500	34.682	346	205	6	1	330	1	341	8.95e-59	195
PENPO_0016_09049	OIDMA_0033_16201	34.985	343	201	8	1	326	1	338	7.92e-58	192
PENPO_0016_09049	TORHE_0002_02640	34.153	366	199	10	1	330	1	360	6.05e-56	188
PENPO_0016_09049	CORMI_0004_04829	35.799	338	201	7	1	326	1	334	6.38e-56	187
PENPO_0016_09049	OIDMA_0011_10963	36.207	348	200	8	1	332	1	342	1.06e-55	187
PENPO_0016_09049	TORHE_0002_02642	34.535	333	196	7	14	330	1	327	3.32e-54	183
PENPO_0016_09049	OIDMA_0001_00065	34.018	341	203	8	1	324	1	336	1.93e-53	181
PENPO_0016_09049	PENCO_0001_00870	34.493	345	202	8	6	326	9	353	7.88e-50	172
PENPO_0016_09049	OIDMA_0019_14353	32.440	336	217	5	1	331	1	331	3.31e-49	170
PENPO_0016_09049	PENEN_0003_00195	33.429	350	212	7	1	329	8	357	7.53e-49	170
PENPO_0016_09049	ASPNI_0019_13290	34.897	341	199	10	6	326	9	346	7.36e-48	167
PENPO_0016_09049	PENPO_0014_08577	33.428	353	208	8	1	329	8	357	2.37e-47	166
PENPO_0016_09049	PENFR_0197_07094	33.428	353	208	8	1	329	8	357	2.96e-47	166
PENPO_0016_09049	PENVU_0030_06969	32.958	355	211	8	1	331	8	359	8.96e-45	159
PENPO_0016_09049	ASPKA_0038_00712	31.781	365	207	12	6	330	6	368	1.39e-44	159
PENPO_0016_09049	ASPLU_0011_02626	31.781	365	207	12	6	330	6	368	1.39e-44	159
PENPO_0016_09049	PENST_0003_02231	32.249	338	194	8	6	328	4	321	1.75e-44	157
PENPO_0016_09049	ASPKA_0064_05768	32.070	343	207	10	1	329	1	331	7.00e-44	156
PENPO_0016_09049	ASPLU_0018_05469	32.070	343	207	10	1	329	1	331	7.00e-44	156
PENPO_0016_09049	ASPKA_0037_00586	33.434	332	194	9	6	326	5	320	7.75e-44	156
PENPO_0016_09049	ASPLU_0012_03282	33.434	332	194	9	6	326	5	320	7.75e-44	156
PENPO_0016_09049	PENCO_0015_08536	31.445	353	215	8	1	329	8	357	1.34e-43	156
PENPO_0016_09049	PENSO_0380_06394	33.526	346	203	8	8	329	422	764	1.56e-43	162
PENPO_0016_09049	STELY_0232_07631	33.449	287	177	4	1	275	1	285	7.50e-41	155
PENPO_0016_09049	ASPCA_0016_13138	32.070	343	206	10	1	329	1	330	2.69e-40	147
PENPO_0016_09049	ASPNI_0001_00635	32.370	346	201	13	1	329	1	330	6.86e-40	145
PENPO_0016_09049	PENAR_0007_04935	34.483	319	168	10	2	279	9	327	6.45e-39	145
PENPO_0016_09049	PENFL_0008_03450	31.471	340	202	10	1	324	1	325	1.16e-38	142
PENPO_0016_09049	PENFR_0621_11222	32.036	334	199	8	6	326	4	322	1.58e-38	142
PENPO_0016_09049	VALMA_0028_04291	30.328	366	218	9	1	332	1	363	4.44e-38	142
PENPO_0016_09049	ASPCA_0003_03257	33.531	337	189	10	6	326	4	321	8.40e-38	140
PENPO_0016_09049	PENVU_0031_06991	31.563	339	203	10	1	324	1	325	3.29e-37	138
PENPO_0016_09049	ARTOL_0080_05707	32.622	328	185	12	1	304	1	316	4.98e-37	138
PENPO_0016_09049	PENSU_0113_02655	29.794	339	210	7	1	324	1	326	1.01e-36	137
PENPO_0016_09049	OIDMA_0005_06295	32.237	304	152	5	1	293	1	261	2.57e-36	135
PENPO_0016_09049	NEOFI_0257_08453	30.973	339	210	8	1	326	1	328	3.73e-36	136
PENPO_0016_09049	PENFL_0008_03298	30.205	341	206	9	1	324	1	326	4.74e-36	135
PENPO_0016_09049	PENFR_0152_06082	29.794	339	210	8	1	324	1	326	6.41e-36	135
PENPO_0016_09049	DIPCO_0052_08247	31.195	343	214	10	1	332	1	332	1.66e-35	134
PENPO_0016_09049	PENSO_0123_01975	29.499	339	211	9	1	324	1	326	2.29e-35	134
PENPO_0016_09049	PENPO_0026_10372	29.499	339	211	9	1	324	1	326	3.10e-35	133
PENPO_0016_09049	PENPO_0001_01443	30.792	341	203	10	1	324	1	325	3.55e-35	133
PENPO_0016_09049	PENCO_0004_03883	31.765	340	201	11	1	324	1	325	1.33e-34	131
PENPO_0016_09049	NEOFI_0253_04818	30.612	343	207	10	1	326	1	329	1.69e-34	131
PENPO_0016_09049	PENAR_0004_02810	30.814	344	208	11	1	329	1	329	2.04e-34	131
PENPO_0016_09049	ASPNI_0010_06430	33.140	344	188	13	6	326	10	334	2.34e-34	132
PENPO_0016_09049	PENFR_0163_06353	29.794	339	209	8	1	324	1	325	5.90e-34	130
PENPO_0016_09049	VALMA_0062_06711	29.118	340	226	7	1	329	1	336	1.08e-33	129
PENPO_0016_09049	PENSO_0069_01039	31.176	340	203	11	1	324	1	325	2.32e-33	128
PENPO_0016_09049	PENSU_0529_13855	30.294	340	206	10	1	324	1	325	5.06e-33	127
PENPO_0016_09049	PENST_0016_07885	29.446	343	209	10	1	326	1	327	6.13e-33	127
PENPO_0016_09049	PENAN_0021_06828	29.565	345	211	11	1	329	1	329	1.55e-32	126
PENPO_0016_09049	PENSU_0077_01597	32.082	293	173	8	1	276	1	284	2.14e-32	126
PENPO_0016_09049	PENCH_0028_02755	31.765	340	201	10	1	324	1	325	1.01e-31	124
PENPO_0016_09049	PENCH_0044_12539	30.000	340	207	11	1	324	1	325	1.36e-31	124
PENPO_0016_09049	TALIS_0002_00790	30.816	331	201	10	11	326	236	553	2.65e-31	126
PENPO_0016_09049	ASPNI_0011_08160	28.363	342	214	10	1	326	1	327	4.17e-31	122
PENPO_0016_09049	ASPNI_0014_09593	28.655	342	208	10	1	324	1	324	1.72e-30	120
PENPO_0016_09049	PENEN_0120_08975	32.845	341	196	14	1	324	1	325	1.80e-30	124
PENPO_0016_09049	SCHPO_0001_01243	31.271	291	177	6	1	277	1	282	1.29e-29	118
PENPO_0016_09049	ASPLU_0025_09585	30.916	262	163	7	1	252	1	254	9.18e-29	115
PENPO_0016_09049	NEOFI_0251_03839	26.882	372	205	10	1	327	1	350	1.20e-28	116
PENPO_0016_09049	ASPKA_0144_10386	30.798	263	163	7	1	252	1	255	3.25e-28	114
PENPO_0016_09049	PENSU_0476_10998	28.406	345	214	9	1	329	1	328	5.16e-28	114
PENPO_0016_09049	ASPLU_0009_02195	34.766	256	147	10	6	249	8	255	6.41e-28	114
PENPO_0016_09049	ASPKA_0049_01962	34.766	256	147	10	6	249	8	255	6.41e-28	114
PENPO_0016_09049	PENRO_0004_08630	29.118	340	216	10	6	328	9	340	1.97e-27	112
PENPO_0016_09049	PENAR_0052_11347	28.406	345	208	13	1	326	1	325	1.40e-26	110
PENPO_0016_09049	VALMA_0007_01630	32.639	288	169	10	6	279	26	302	1.92e-26	110
PENPO_0016_09049	STELY_0222_07412	33.205	259	146	8	6	250	10	255	1.94e-26	110
PENPO_0016_09049	PYROM_0425_05892	30.086	349	205	12	6	331	31	363	2.68e-26	111
PENPO_0016_09049	DIPCO_0063_09096	29.915	351	196	14	6	326	23	353	3.05e-26	110
PENPO_0016_09049	PENVU_0082_09703	28.107	338	221	9	6	327	9	340	4.43e-25	106
PENPO_0016_09049	ASPNI_0013_08705	33.588	262	150	8	6	249	8	263	1.06e-24	105
PENPO_0016_09049	PENPO_0004_03808	29.240	342	214	11	6	328	9	341	1.13e-24	105
PENPO_0016_09049	PENSO_0444_07483	29.532	342	213	11	6	328	517	849	1.29e-24	107
PENPO_0016_09049	PENST_0011_06335	28.571	343	209	9	6	325	9	338	1.76e-24	104
PENPO_0016_09049	ARTOL_0044_02179	31.379	290	174	8	6	274	10	295	8.79e-24	102
PENPO_0016_09049	PENST_0001_00184	28.530	347	184	15	4	317	3	318	9.03e-24	102
PENPO_0016_09049	ASPCA_0008_09715	27.907	344	220	11	1	326	1	334	2.12e-23	102
PENPO_0016_09049	PENSU_0376_06216	28.116	345	220	9	3	328	15	350	3.14e-23	101
PENPO_0016_09049	PENCO_0001_01546	28.488	344	218	11	6	330	9	343	3.97e-23	102
PENPO_0016_09049	OIDMA_0005_06668	29.217	332	208	12	6	318	4	327	8.04e-23	100
PENPO_0016_09049	TALIS_0004_03730	31.907	257	156	8	4	249	2	250	8.61e-23	100
PENPO_0016_09049	PENFL_0012_04545	28.571	343	209	13	6	328	18	344	8.96e-23	100
PENPO_0016_09049	PENAN_0025_07595	31.373	255	156	8	6	249	4	250	9.42e-23	99.8
PENPO_0016_09049	PENEN_0109_08303	28.940	349	196	15	6	326	18	342	1.09e-22	100
PENPO_0016_09049	PENCH_0034_07518	26.667	345	217	11	6	329	5	334	1.34e-22	99.8
PENPO_0016_09049	ARTOT_0005_04449	30.385	260	162	8	1	248	1	253	2.10e-22	99.0
PENPO_0016_09049	METMA_0051_07632	41.406	128	73	2	1	127	1	127	2.20e-22	94.7
PENPO_0016_09049	TALIS_0009_07409	27.762	353	210	12	6	330	9	344	2.28e-22	99.0
PENPO_0016_09049	PENAR_0007_04749	30.980	255	157	8	6	249	4	250	2.51e-22	98.6
PENPO_0016_09049	ASPTE_0009_01820	32.061	262	157	6	6	255	510	762	3.63e-22	100
PENPO_0016_09049	ARTOL_0044_02119	31.418	261	163	5	6	255	7	262	5.01e-22	98.2
PENPO_0016_09049	PENRO_0002_01481	29.811	265	147	8	6	249	4	250	5.34e-22	97.8
PENPO_0016_09049	OIDMA_0017_13393	29.651	344	203	13	6	326	4	331	5.53e-22	97.8
PENPO_0016_09049	PENFL_0034_08116	28.198	344	213	12	6	327	9	340	5.99e-22	97.8
PENPO_0016_09049	DIPCO_0011_02716	29.861	288	176	10	6	276	15	293	6.68e-22	97.8
PENPO_0016_09049	NEOFI_0257_07702	31.349	252	160	6	6	249	4	250	9.33e-22	97.1
PENPO_0016_09049	PENEN_0111_08516	28.152	341	219	10	6	328	517	849	1.02e-21	99.4
PENPO_0016_09049	PENCO_0018_08895	28.363	342	211	11	6	327	5	332	1.08e-21	97.1
PENPO_0016_09049	PENCO_0004_04241	29.167	264	150	7	6	249	4	250	1.26e-21	96.7
PENPO_0016_09049	DIPCO_0015_03565	28.618	304	180	10	4	284	13	302	2.00e-21	96.3
PENPO_0016_09049	PENCH_0036_09149	27.907	344	214	12	6	327	9	340	2.05e-21	96.3
PENPO_0016_09049	PENPO_0016_09138	27.536	345	214	12	6	329	5	334	2.12e-21	96.3
PENPO_0016_09049	PENST_0001_00702	30.303	264	147	8	6	249	4	250	2.47e-21	95.9
PENPO_0016_09049	PENEN_0010_00697	28.531	354	208	10	6	329	9	347	2.71e-21	96.3
PENPO_0016_09049	PENFR_0298_08829	27.326	344	216	11	6	329	5	334	3.96e-21	95.5
PENPO_0016_09049	PENVU_0024_06216	27.066	351	221	12	6	331	5	345	5.37e-21	95.1
PENPO_0016_09049	OIDMA_0010_09835	29.217	332	212	12	6	319	4	330	6.56e-21	94.7
PENPO_0016_09049	PENCH_0028_02297	29.434	265	148	8	6	249	4	250	7.14e-21	94.7
PENPO_0016_09049	PENFR_0253_08141	27.666	347	224	11	6	331	5	345	9.23e-21	94.7
PENPO_0016_09049	PENAN_0037_09047	25.797	345	220	9	6	327	9	340	9.57e-21	94.4
PENPO_0016_09049	NEOFI_0258_08740	27.778	342	213	9	6	325	9	338	9.89e-21	94.4
PENPO_0016_09049	PENAR_0005_03674	26.471	340	214	9	6	322	9	335	1.29e-20	94.0
PENPO_0016_09049	DIPCO_0003_00866	32.549	255	157	7	6	249	4	254	1.34e-20	94.0
PENPO_0016_09049	PENVU_0080_09657	29.057	265	149	8	6	249	4	250	1.38e-20	94.0
PENPO_0016_09049	OIDMA_0001_02092	28.622	283	175	9	6	272	11	282	1.45e-20	94.0
PENPO_0016_09049	PENCH_0029_04897	27.859	341	210	10	6	326	18	342	1.76e-20	94.0
PENPO_0016_09049	ASPTE_0012_03279	33.333	255	150	9	6	248	514	760	1.94e-20	95.5
PENPO_0016_09049	PENSO_0333_05861	27.089	347	226	11	6	331	5	345	2.47e-20	93.6
PENPO_0016_09049	PENVU_0067_09311	26.744	344	218	11	6	329	9	338	2.48e-20	93.2
PENPO_0016_09049	PENFL_0005_02256	29.057	265	149	8	6	249	4	250	2.58e-20	93.2
PENPO_0016_09049	ASPTE_0012_03311	26.888	331	213	11	6	323	10	324	2.81e-20	93.2
PENPO_0016_09049	STELY_0132_03178	29.703	202	129	5	6	198	17	214	3.16e-20	93.2
PENPO_0016_09049	ASPTE_0018_07695	28.612	353	213	13	6	331	5	345	3.38e-20	93.2
PENPO_0016_09049	ASPNI_0007_04670	30.350	257	156	8	6	249	4	250	3.79e-20	92.8
PENPO_0016_09049	VALMA_0040_05297	24.355	349	223	11	6	317	7	351	4.35e-20	92.8
PENPO_0016_09049	PENEN_0088_06397	28.679	265	150	8	6	249	4	250	4.44e-20	92.4
PENPO_0016_09049	PENFR_0157_06201	29.365	252	165	6	6	249	4	250	5.30e-20	92.4
PENPO_0016_09049	YARLI_0002_01825	31.102	254	157	8	6	250	3	247	5.80e-20	92.0
PENPO_0016_09049	PENSO_0299_05295	29.365	252	165	6	6	249	4	250	5.97e-20	92.0
PENPO_0016_09049	PYROM_0635_08441	28.571	238	142	5	1	224	1	224	6.43e-20	92.0
PENPO_0016_09049	ASPCA_0003_03126	28.295	258	161	7	6	247	14	263	8.53e-20	92.0
PENPO_0016_09049	ASPCA_0002_00847	28.453	362	182	13	6	325	4	330	9.64e-20	91.7
PENPO_0016_09049	PENSO_0449_07729	27.324	355	211	12	6	329	9	347	1.31e-19	91.3
PENPO_0016_09049	ASPCA_0030_14974	27.059	340	226	10	6	326	3	339	2.21e-19	90.5
PENPO_0016_09049	PENPO_0019_09705	27.324	355	211	12	6	329	9	347	2.42e-19	90.5
PENPO_0016_09049	PENAR_0075_11593	25.070	359	221	13	6	332	6	348	2.51e-19	90.5
PENPO_0016_09049	PYROM_0180_01513	27.326	344	209	13	10	326	29	358	2.61e-19	90.5
PENPO_0016_09049	PENPO_0003_03488	28.968	252	166	6	6	249	4	250	4.79e-19	89.7
PENPO_0016_09049	YARLI_0002_01746	30.502	259	163	8	7	252	8	262	5.00e-19	89.7
PENPO_0016_09049	PENVU_0002_00849	27.273	352	209	9	6	326	9	344	5.18e-19	89.7
PENPO_0016_09049	ASPCA_0003_02225	27.108	332	215	12	7	318	5	329	5.37e-19	89.4
PENPO_0016_09049	STELY_0132_03196	28.070	342	208	13	6	319	4	335	6.01e-19	91.3
PENPO_0016_09049	VALMA_0051_06085	30.903	288	180	11	6	277	4	288	7.39e-19	89.0
PENPO_0016_09049	NEOFI_0249_02785	31.034	203	124	5	6	198	15	211	8.28e-19	89.0
PENPO_0016_09049	MICGY_0011_08652	29.365	252	165	6	6	249	4	250	8.29e-19	89.0
PENPO_0016_09049	CORMI_0005_05132	28.788	264	169	7	1	249	1	260	8.42e-19	89.0
PENPO_0016_09049	ASPTE_0016_05838	30.315	254	160	8	6	249	4	250	8.78e-19	89.0
PENPO_0016_09049	AGABI_0008_00184	29.231	260	161	8	6	250	10	261	1.18e-18	88.6
PENPO_0016_09049	PENST_0025_09416	28.788	264	164	10	2	248	6	262	1.28e-18	88.6
PENPO_0016_09049	DIPCO_0042_07349	26.590	346	218	9	6	328	7	339	1.53e-18	88.2
PENPO_0016_09049	DIPCO_0027_05408	29.032	310	184	10	6	292	15	311	1.65e-18	88.2
PENPO_0016_09049	YARLI_0004_04531	30.233	258	157	9	7	249	5	254	1.71e-18	88.2
PENPO_0016_09049	TORHE_0003_04658	32.197	264	156	8	6	256	7	260	1.90e-18	87.8
PENPO_0016_09049	PENEN_0084_05955	29.268	287	182	9	2	277	7	283	2.00e-18	87.8
PENPO_0016_09049	ASPTE_0002_00137	29.758	289	174	10	6	276	14	291	2.13e-18	87.8
PENPO_0016_09049	ASPKA_0146_11341	30.739	257	155	8	6	249	4	250	2.24e-18	87.8
PENPO_0016_09049	TALIS_0002_00996	28.523	298	169	11	6	277	11	290	2.27e-18	87.8
PENPO_0016_09049	TALIS_0002_01515	26.849	365	202	12	6	326	7	350	2.93e-18	87.4
PENPO_0016_09049	TALIS_0014_09524	25.664	339	223	6	6	327	6	332	3.98e-18	89.0
PENPO_0016_09049	METMA_0101_09247	31.395	258	149	9	6	248	10	254	4.11e-18	87.0
PENPO_0016_09049	OIDMA_0017_13606	29.315	365	197	16	2	332	4	341	4.60e-18	87.0
PENPO_0016_09049	MICGY_0002_01116	28.772	285	185	8	6	277	4	283	4.82e-18	86.7
PENPO_0016_09049	OIDMA_0013_11968	27.684	354	216	14	6	329	5	348	4.89e-18	87.0
PENPO_0016_09049	YARLI_0003_03319	27.376	263	168	9	7	254	5	259	5.06e-18	86.7
PENPO_0016_09049	YARLI_0004_03882	27.168	346	225	10	6	331	3	341	5.87e-18	86.7
PENPO_0016_09049	AGABI_0034_03823	32.683	205	123	6	4	198	8	207	6.35e-18	86.7
PENPO_0016_09049	PENPO_0021_09888	29.066	289	180	9	2	277	7	283	6.44e-18	86.3
PENPO_0016_09049	OIDMA_0001_00453	24.128	344	222	10	6	326	5	332	8.50e-18	85.9
PENPO_0016_09049	PENSO_0501_09414	29.389	262	163	8	6	254	5	257	8.65e-18	87.8
PENPO_0016_09049	AGABI_0008_00182	36.019	211	112	8	6	198	10	215	9.10e-18	86.3
PENPO_0016_09049	TALIS_0011_08749	29.703	303	186	13	6	295	10	298	1.16e-17	85.9
PENPO_0016_09049	YARLI_0002_01822	24.850	334	230	10	7	326	5	331	3.09e-17	84.3
PENPO_0016_09049	PENSO_0479_08611	28.720	289	181	9	2	277	7	283	3.13e-17	84.3
PENPO_0016_09049	METMA_0017_04421	26.087	345	223	11	4	326	13	347	6.48e-17	83.6
PENPO_0016_09049	ASPCA_0013_12274	28.070	285	182	10	6	277	17	291	1.44e-16	82.4
PENPO_0016_09049	PENFL_0027_07315	25.862	290	192	10	6	277	10	294	2.36e-16	82.0
PENPO_0016_09049	PENSU_0452_09534	26.239	343	229	11	6	329	10	347	3.24e-16	81.6
PENPO_0016_09049	ASPLU_0005_00608	30.583	206	125	5	6	198	15	215	3.46e-16	81.6
PENPO_0016_09049	ASPKA_0138_09193	30.583	206	125	5	6	198	15	215	3.46e-16	81.6
PENPO_0016_09049	OIDMA_0005_06422	25.797	345	224	14	7	329	5	339	4.82e-16	80.9
PENPO_0016_09049	ASPNI_0002_01718	27.451	204	134	4	6	198	15	215	4.83e-16	81.3
PENPO_0016_09049	TALIS_0003_02825	26.048	334	217	13	7	318	5	330	6.61e-16	80.5
PENPO_0016_09049	TALIS_0006_06080	30.583	206	120	7	6	198	4	199	7.38e-16	80.5
PENPO_0016_09049	PENCH_0034_08009	25.606	289	192	10	6	276	10	293	7.44e-16	80.5
PENPO_0016_09049	ARTOT_0002_00858	29.200	250	158	7	6	247	4	242	7.81e-16	80.5
PENPO_0016_09049	OIDMA_0021_14872	28.940	349	189	15	6	317	4	330	1.01e-15	80.1
PENPO_0016_09049	AGABI_0008_00183	30.732	205	123	6	6	198	10	207	1.09e-15	80.1
PENPO_0016_09049	PENAR_0013_07294	27.616	344	224	12	6	330	4	341	1.22e-15	79.7
PENPO_0016_09049	ASPTE_0016_06196	25.284	352	214	11	2	322	472	805	1.41e-15	80.9
PENPO_0016_09049	PENST_0002_01235	27.746	346	212	13	6	328	5	335	1.45e-15	79.7
PENPO_0016_09049	PENAN_0039_09221	25.948	343	224	15	6	326	10	344	1.83e-15	79.3
PENPO_0016_09049	TORHE_0005_07755	27.246	334	214	11	6	318	4	329	2.10e-15	79.3
PENPO_0016_09049	PENPO_0004_04336	27.027	259	162	9	4	248	12	257	3.05e-15	78.6
PENPO_0016_09049	OIDMA_0002_02737	26.923	260	179	6	2	255	3	257	5.00e-15	78.2
PENPO_0016_09049	PENSU_0513_13260	29.956	227	140	7	34	249	33	251	5.38e-15	77.8
PENPO_0016_09049	ASPCA_0002_00029	31.034	203	123	7	6	198	7	202	6.09e-15	78.6
PENPO_0016_09049	ASPKA_0049_01934	30.078	256	160	7	7	248	4	254	6.35e-15	77.8
PENPO_0016_09049	ASPLU_0009_02235	30.078	256	160	7	7	248	4	254	6.35e-15	77.8
PENPO_0016_09049	PENAN_0014_05367	27.419	248	160	8	6	248	15	247	8.66e-15	77.4
PENPO_0016_09049	ASPNI_0019_12782	28.676	272	156	9	4	251	2	259	1.37e-14	77.0
PENPO_0016_09049	ASPNI_0018_12167	28.906	256	163	7	7	248	4	254	1.47e-14	76.6
PENPO_0016_09049	PENVU_0018_05291	27.059	255	162	10	4	248	13	253	2.17e-14	76.3
PENPO_0016_09049	NEOFI_0249_02300	38.889	126	71	3	4	125	2	125	2.26e-14	72.8
PENPO_0016_09049	TALIS_0009_07929	26.573	286	186	8	6	277	15	290	2.42e-14	76.3
PENPO_0016_09049	ARTOL_0044_02589	31.967	244	143	9	1	231	1	234	2.59e-14	76.3
PENPO_0016_09049	PENAN_0030_08321	28.772	285	185	9	6	277	4	283	2.73e-14	75.9
PENPO_0016_09049	PENAR_0024_09604	26.271	236	158	7	6	229	10	241	3.01e-14	75.9
PENPO_0016_09049	PENSO_0188_03141	26.641	259	163	9	4	248	12	257	3.82e-14	75.9
PENPO_0016_09049	PENCH_0028_02528	26.378	254	165	9	4	248	13	253	5.55e-14	75.1
PENPO_0016_09049	YARLI_0002_01941	28.571	266	162	10	7	254	6	261	5.92e-14	75.1
PENPO_0016_09049	PENCO_0002_02385	24.654	361	213	14	6	325	9	351	1.09e-13	74.3
PENPO_0016_09049	STELY_0132_03273	28.708	209	126	6	2	198	8	205	1.45e-13	73.9
PENPO_0016_09049	PENFL_0008_03256	27.692	195	129	4	4	193	13	200	1.55e-13	73.9
PENPO_0016_09049	ASPLU_0022_09085	27.941	272	158	9	4	251	2	259	1.90e-13	73.6
PENPO_0016_09049	METMA_0029_06090	30.040	253	149	9	18	250	3	247	1.97e-13	73.6
PENPO_0016_09049	PENVU_0053_08711	27.719	285	188	8	6	277	4	283	2.36e-13	73.2
PENPO_0016_09049	PENSU_0511_13131	29.231	195	126	5	6	195	15	202	2.65e-13	71.2
PENPO_0016_09049	YARLI_0002_01973	27.089	347	227	13	6	331	4	345	2.90e-13	73.2
PENPO_0016_09049	OIDMA_0009_09400	30.526	190	121	7	6	190	9	192	3.52e-13	72.8
PENPO_0016_09049	TALIS_0012_08927	27.612	268	154	10	4	248	11	261	3.83e-13	72.8
PENPO_0016_09049	PENPO_0003_03430	30.516	213	128	7	2	199	13	220	4.46e-13	72.4
PENPO_0016_09049	PENAN_0006_02812	26.506	249	160	10	6	248	14	245	5.69e-13	72.0
PENPO_0016_09049	PENFR_0200_07147	26.721	247	141	7	4	248	12	220	6.21e-13	71.6
PENPO_0016_09049	TORHE_0010_11386	30.078	256	154	7	6	248	10	253	6.63e-13	72.0
PENPO_0016_09049	PENRO_0002_01180	25.100	251	172	8	4	248	13	253	6.68e-13	71.6
PENPO_0016_09049	PENEN_0052_03581	29.208	202	127	5	6	198	15	209	6.75e-13	72.0
PENPO_0016_09049	YARLI_0005_05115	27.988	343	212	14	6	323	4	336	6.99e-13	72.0
PENPO_0016_09049	STELY_0137_03822	26.087	276	164	8	6	248	15	283	7.14e-13	71.6
PENPO_0016_09049	PENFR_0110_04934	26.712	292	192	8	55	328	9	296	1.07e-12	70.9
PENPO_0016_09049	PENAR_0011_06541	27.309	249	158	10	6	248	14	245	1.14e-12	71.2
PENPO_0016_09049	ASPKA_0042_00995	29.952	207	127	7	4	198	2	202	1.28e-12	69.7
PENPO_0016_09049	OIDMA_0010_10152	26.100	341	211	16	6	323	4	326	1.31e-12	70.9
PENPO_0016_09049	STELY_0120_02459	26.515	264	164	10	6	248	10	264	1.65e-12	70.9
PENPO_0016_09049	PENFR_0355_09514	28.713	202	128	5	6	198	15	209	3.19e-12	69.7
PENPO_0016_09049	PENSO_0003_00053	26.996	263	151	8	6	248	15	256	3.66e-12	69.7
PENPO_0016_09049	PENPO_0020_09779	27.451	255	160	8	6	248	15	256	3.77e-12	69.7
PENPO_0016_09049	PENEN_0030_01729	25.000	256	162	9	6	248	14	252	3.84e-12	69.7
PENPO_0016_09049	OIDMA_0015_12869	35.878	131	78	4	2	129	5	132	5.42e-12	69.3
PENPO_0016_09049	TALIS_0003_03186	26.459	257	162	9	6	248	17	260	6.89e-12	68.9
PENPO_0016_09049	SCHPO_0002_02436	26.444	329	194	11	6	310	5	309	7.37e-12	68.6
PENPO_0016_09049	PENAN_0004_02023	28.910	211	122	8	6	198	9	209	9.24e-12	68.2
PENPO_0016_09049	ARTOT_0009_08157	28.235	255	167	7	6	249	4	253	9.40e-12	68.6
PENPO_0016_09049	TALIS_0005_05027	28.346	254	161	7	6	248	13	256	2.15e-11	67.4
PENPO_0016_09049	ASPNI_0010_07311	29.907	214	115	9	6	198	16	215	2.52e-11	67.4
PENPO_0016_09049	TORHE_0006_09345	28.458	253	160	10	6	248	69	310	3.79e-11	67.0
PENPO_0016_09049	OIDMA_0011_10783	27.570	214	127	7	3	198	7	210	4.39e-11	66.6
PENPO_0016_09049	PENST_0017_08124	24.908	273	164	8	6	248	14	275	6.85e-11	65.9
PENPO_0016_09049	TALIS_0003_02015	27.706	231	131	8	6	216	5	219	7.69e-11	65.9
PENPO_0016_09049	ASPLU_0018_04373	28.774	212	120	8	6	198	10	209	1.87e-10	64.7
PENPO_0016_09049	ASPKA_0034_00443	28.774	212	120	8	6	198	10	209	1.87e-10	64.7
PENPO_0016_09049	DIPCO_0034_06341	25.325	308	189	12	6	277	32	334	2.51e-10	64.3
PENPO_0016_09049	OIDMA_0001_01754	28.897	263	150	10	6	245	11	259	2.58e-10	64.3
PENPO_0016_09049	ASPKA_0058_04002	28.019	207	112	7	6	198	16	199	2.64e-10	64.3
PENPO_0016_09049	ASPNI_0003_02759	31.852	135	74	5	7	132	5	130	3.95e-10	63.5
PENPO_0016_09049	OIDMA_0020_14601	24.046	262	175	6	6	250	9	263	8.01e-10	62.8
PENPO_0016_09049	ASPNI_0018_12048	28.037	214	122	9	6	198	10	212	8.43e-10	62.8
PENPO_0016_09049	METMA_0057_07806	28.704	216	125	7	2	198	6	211	9.09e-10	62.8
PENPO_0016_09049	PENAR_0020_08886	31.148	122	77	3	6	125	5	121	9.55e-10	59.3
PENPO_0016_09049	OIDMA_0009_09387	28.230	209	124	6	6	198	11	209	9.70e-10	62.4
PENPO_0016_09049	PENSO_0496_09198	29.474	190	116	6	24	199	530	715	1.15e-09	63.2
PENPO_0016_09049	PENAR_0018_08409	35.156	128	74	5	4	126	2	125	1.23e-09	61.2
PENPO_0016_09049	OIDMA_0005_06232	26.667	255	164	8	6	248	14	257	1.50e-09	61.6
PENPO_0016_09049	ASPCA_0005_05862	25.378	331	215	12	6	318	4	320	2.12e-09	61.2
PENPO_0016_09049	PENFL_0061_09832	32.812	128	82	3	7	132	7	132	2.27e-09	61.2
PENPO_0016_09049	ASPCA_0013_12070	27.536	276	149	14	6	248	8	265	2.55e-09	61.2
PENPO_0016_09049	STELY_0108_01391	29.208	202	127	6	6	198	15	209	2.94e-09	60.8
PENPO_0016_09049	PENPO_0034_10608	28.916	249	158	10	3	248	11	243	3.04e-09	60.8
PENPO_0016_09049	CORMI_0002_00586	27.711	249	127	8	8	248	17	220	4.06e-09	60.5
PENPO_0016_09049	PENSU_0523_13579	31.250	128	84	3	7	132	9	134	4.12e-09	60.1
PENPO_0016_09049	PENRO_0003_05515	27.308	260	157	10	6	248	13	257	4.23e-09	60.5
PENPO_0016_09049	TALIS_0010_08371	25.591	254	166	8	6	248	17	258	1.18e-08	59.3
PENPO_0016_09049	ASPTE_0011_02748	24.490	245	162	6	6	233	17	255	1.66e-08	58.2
PENPO_0016_09049	OIDMA_0021_14779	25.243	206	125	7	7	198	6	196	2.33e-08	58.2
PENPO_0016_09049	PENSU_0077_01598	31.298	131	80	5	7	132	5	130	2.73e-08	58.2
PENPO_0016_09049	ASPNI_0010_06706	32.031	128	83	3	7	132	7	132	3.01e-08	57.8
PENPO_0016_09049	PENFL_0051_09376	24.272	206	135	6	6	199	14	210	6.81e-08	56.6
PENPO_0016_09049	STELY_0232_07630	27.315	216	106	10	1	198	1	183	1.99e-07	55.5
PENPO_0016_09049	PENFR_0413_10076	23.729	295	183	10	6	277	14	289	2.10e-07	55.5
PENPO_0016_09049	PENEN_0077_05174	23.166	259	168	8	6	248	14	257	2.86e-07	55.1
PENPO_0016_09049	OIDMA_0014_12170	33.766	77	49	1	6	82	17	91	4.99e-07	51.2
PENPO_0016_09049	NEOFI_0253_04819	29.771	131	82	5	7	132	5	130	5.14e-07	54.3
PENPO_0016_09049	PENVU_0003_01478	24.233	326	200	12	1	291	1	314	5.52e-07	53.9
PENPO_0016_09049	PENCO_0011_07537	25.490	204	127	6	6	195	14	206	5.66e-07	53.9
PENPO_0016_09049	PENPO_0020_09817	24.390	205	136	6	6	199	14	210	5.83e-07	53.9
PENPO_0016_09049	PENRO_0003_06948	26.168	214	121	8	6	199	14	210	9.33e-07	53.5
PENPO_0016_09049	PENAR_0015_07768	24.186	215	132	6	2	199	10	210	9.78e-07	53.1
PENPO_0016_09049	ASPCA_0005_06229	26.554	177	111	8	6	171	30	198	1.44e-06	52.8
PENPO_0016_09049	ASPCA_0006_06702	27.907	258	140	11	6	256	5	223	1.92e-06	52.4
PENPO_0016_09049	PENSU_0077_01826	37.662	77	44	1	3	79	2	74	2.94e-06	48.1
PENPO_0016_09049	ASPLU_0019_05827	28.652	178	112	5	81	249	62	233	3.81e-06	51.2
PENPO_0016_09049	PENSU_0032_00436	35.294	68	41	1	6	70	8	75	4.25e-06	47.4
PENPO_0016_09049	ASPTE_0019_08171	26.667	195	119	5	6	199	14	185	4.30e-06	50.4
PENPO_0016_09049	PENSO_0175_02756	22.526	293	189	9	6	277	14	289	5.91e-06	50.8
PENPO_0016_09049	YARLI_0004_03881	30.909	110	67	2	6	112	3	106	4.65e-05	48.1
PENPO_0016_09049	PENAN_0003_01597	21.181	288	165	8	2	248	10	276	2.76e-04	45.8
PENPO_0016_09049	DIPCO_0005_01377	23.980	196	80	4	6	132	60	255	6.02e-04	45.1
PENPO_0016_09049	ASPLU_0002_00017	29.333	150	92	5	66	209	1	142	0.002	42.4
PENPO_0016_09049	STELY_0257_08343	25.000	264	148	9	1	255	183	405	0.002	43.1
PENPO_0016_09049	PENSO_0479_08599	32.222	90	54	3	1	87	1	86	0.003	42.4
PENPO_0016_09049	PENFR_0203_07211	32.222	90	54	3	1	87	1	86	0.003	42.4
PENPO_0016_09049	PENCO_0011_07583	37.705	61	38	0	1	61	5	65	0.004	42.0
PENPO_0016_09049	PENFL_0031_07791	27.132	258	138	12	6	256	3	217	0.005	41.6
PENPO_0016_09049	TALIS_0010_07992	23.047	256	153	13	1	251	1	217	0.007	41.2
PENPO_0016_09049	TALIS_0002_01360	30.769	78	50	3	15	90	494	569	0.010	41.2
PENPO_0016_09049	PENPO_0014_08561	54.167	48	17	3	6	49	4	50	0.011	40.8
PENPO_0016_09049	PENSO_0380_06409	54.167	48	17	3	6	49	4	50	0.012	40.8
PENPO_0016_09049	ASPTE_0011_02746	35.165	91	50	4	5	86	3	93	0.013	40.0
PENPO_0016_09049	PENSU_0113_02572	35.165	91	50	4	1	87	1	86	0.014	40.4
PENPO_0016_09049	STELY_0132_03177	42.000	50	24	1	6	50	8	57	0.014	40.0
PENPO_0016_09049	ASPCA_0004_04226	34.444	90	52	3	1	87	1	86	0.015	40.4
PENPO_0016_09049	TORHE_0003_04861	48.889	45	22	1	6	50	3	46	0.018	39.7
PENPO_0016_09049	DIPCO_0098_10439	26.897	145	91	3	6	135	14	158	0.022	40.0
PENPO_0016_09049	PENEN_0084_05942	31.111	90	55	3	1	87	1	86	0.025	39.7
PENPO_0016_09049	PENAN_0018_06333	31.765	85	53	3	56	138	12	93	0.029	37.4
PENPO_0016_09049	TORHE_0005_07778	26.214	206	124	9	6	191	2224	2421	0.029	40.0
PENPO_0016_09049	ASPTE_0012_03378	32.222	90	54	3	1	87	1	86	0.030	39.3
PENPO_0016_09049	PENCH_0032_06835	26.236	263	134	13	6	256	3	217	0.033	39.3
PENPO_0016_09049	PENAR_0009_05683	30.000	90	56	3	1	87	1	86	0.034	39.3
PENPO_0016_09049	PENSO_0526_10220	25.498	251	147	7	3	245	5	223	0.041	38.9
PENPO_0016_09049	ASPCA_0006_06426	28.571	84	58	2	1	84	1	82	0.043	38.9
PENPO_0016_09049	SCHPO_0002_03535	23.904	251	154	8	6	256	3	216	0.062	38.1
PENPO_0016_09049	ASPCA_0007_08158	28.834	163	93	7	6	152	716	871	0.063	38.9
PENPO_0016_09049	PENFR_0084_04012	25.498	251	147	7	3	245	5	223	0.074	38.1
PENPO_0016_09049	PENCH_0029_03915	30.000	90	56	3	1	87	1	86	0.074	38.1
PENPO_0016_09049	PENFR_0436_10273	24.706	255	150	9	6	255	3	220	0.081	37.7
PENPO_0016_09049	PENCO_0001_00897	26.236	263	133	13	6	255	3	217	0.083	37.7
PENPO_0016_09049	ASPCA_0030_14988	35.385	65	37	1	6	70	4	63	0.086	37.7
PENPO_0016_09049	ASPLU_0016_03705	23.776	286	168	12	6	281	4	249	0.092	37.7
PENPO_0016_09049	ASPKA_0065_06409	23.776	286	168	12	6	281	4	249	0.092	37.7
PENPO_0016_09049	ASPNI_0011_07588	24.306	288	164	13	6	281	4	249	0.095	37.7
PENPO_0016_09049	ASPKA_0062_05086	25.094	267	157	11	6	263	8	240	0.10	37.7
PENPO_0016_09049	ASPLU_0033_11754	25.094	267	157	11	6	263	8	240	0.10	37.7
PENPO_0016_09049	ARTOT_0007_06576	32.558	86	49	2	4	84	2	83	0.11	37.7
PENPO_0016_09049	PENRO_0002_02843	33.333	90	53	4	1	87	1	86	0.11	37.7
PENPO_0016_09049	OIDMA_0009_09459	34.884	86	45	3	6	91	4	78	0.12	37.4
PENPO_0016_09049	PENAN_0007_03184	30.000	90	56	3	1	87	1	86	0.12	37.4
PENPO_0016_09049	ARTOL_0008_01625	34.615	52	34	0	6	57	4	55	0.13	37.4
PENPO_0016_09049	ASPNI_0002_01409	32.967	91	52	4	1	87	1	86	0.14	37.4
PENPO_0016_09049	ASPKA_0046_01529	32.967	91	52	4	1	87	1	86	0.14	37.4
PENPO_0016_09049	YARLI_0003_03003	34.000	100	60	3	124	218	13	111	0.14	36.6
PENPO_0016_09049	PENFL_0028_07426	37.209	86	39	4	6	87	4	78	0.14	37.4
PENPO_0016_09049	ASPLU_0005_00866	32.967	91	52	4	1	87	1	86	0.14	37.4
PENPO_0016_09049	VALMA_0016_03000	26.042	192	93	9	6	171	12	180	0.15	37.4
PENPO_0016_09049	PENCH_0030_06503	37.209	86	39	4	6	87	4	78	0.16	37.0
PENPO_0016_09049	PENFR_0297_08810	32.727	110	63	6	7	112	3695	3797	0.16	37.7
PENPO_0016_09049	TALIS_0003_03651	33.846	65	38	1	6	70	4	63	0.16	36.6
PENPO_0016_09049	NEOFI_0255_05897	23.729	177	108	6	6	180	3	154	0.17	37.0
PENPO_0016_09049	OIDMA_0010_10177	34.568	81	42	1	6	86	3	72	0.17	37.0
PENPO_0016_09049	NEOFI_0257_06804	30.000	90	56	3	1	87	1	86	0.18	37.0
PENPO_0016_09049	PENRO_0007_10965	52.083	48	18	3	6	49	4	50	0.21	36.6
PENPO_0016_09049	DIPCO_0042_07280	23.984	246	151	10	1	245	1	211	0.24	36.6
PENPO_0016_09049	PENVU_0030_06955	36.047	86	40	5	6	87	4	78	0.25	36.6
PENPO_0016_09049	ASPNI_0010_06704	23.985	271	165	10	1	263	1	238	0.27	36.2
PENPO_0016_09049	PENFR_0553_10961	32.941	85	44	4	6	87	4	78	0.30	36.2
PENPO_0016_09049	ARTOT_0004_03569	28.889	90	57	3	1	87	1	86	0.34	36.2
PENPO_0016_09049	NEOFI_0253_04783	28.571	105	70	1	6	105	3	107	0.38	35.8
PENPO_0016_09049	TALIS_0002_00498	30.682	88	51	3	1	84	1	82	0.39	35.8
PENPO_0016_09049	TORHE_0002_02995	40.000	55	31	1	1	55	1	53	0.41	35.8
PENPO_0016_09049	PENCO_0015_08564	50.000	48	19	3	6	49	4	50	0.43	35.8
PENPO_0016_09049	PENPO_0003_03593	22.556	266	155	14	1	256	1	225	0.47	35.4
PENPO_0016_09049	PENEN_0003_00212	37.209	86	39	4	6	87	4	78	0.49	35.4
PENPO_0016_09049	PENAR_0005_03699	40.000	50	27	1	1	47	1	50	0.55	35.4
PENPO_0016_09049	PENPO_0005_04993	24.597	248	147	7	6	245	8	223	0.55	35.4
PENPO_0016_09049	PENEN_0061_03970	47.500	40	21	0	6	45	3	42	0.64	35.0
PENPO_0016_09049	TORHE_0002_00634	27.193	114	77	2	224	331	165	278	0.66	35.4
PENPO_0016_09049	PENFL_0056_09589	45.238	42	23	0	1	42	1	42	0.71	35.0
PENPO_0016_09049	METMA_0209_10705	32.609	92	52	3	6	97	3	84	0.77	35.4
PENPO_0016_09049	METMA_0209_10705	31.818	88	50	3	10	97	346	423	8.6	32.0
PENPO_0016_09049	MICGY_0003_03215	27.778	90	58	3	1	87	1	86	0.78	35.0
PENPO_0016_09049	PENSU_0192_04372	48.780	41	19	1	6	44	5	45	0.91	34.7
PENPO_0016_09049	AGABI_0010_01119	26.203	187	94	8	5	170	2	165	0.92	34.7
PENPO_0016_09049	ASPCA_0002_01403	25.203	123	80	4	163	277	2	120	0.93	33.9
PENPO_0016_09049	PENFL_0036_08334	29.412	136	76	5	1	135	1	117	1.00	34.7
PENPO_0016_09049	PENAN_0018_06262	31.429	70	38	1	6	75	3	62	1.1	34.3
PENPO_0016_09049	MICGY_0002_01439	30.986	71	40	1	214	275	426	496	1.1	34.7
PENPO_0016_09049	PENCH_0037_10660	45.000	40	22	0	1	40	1	40	1.1	34.3
PENPO_0016_09049	VALMA_0009_02057	39.474	38	23	0	7	44	11	48	1.3	34.3
PENPO_0016_09049	PYROM_1404_12422	28.058	139	79	6	6	129	679	811	1.3	34.7
PENPO_0016_09049	ARTOL_0216_11450	27.564	156	89	6	10	157	12	151	1.4	33.9
PENPO_0016_09049	PENEN_0040_02812	45.238	42	23	0	1	42	1	42	1.4	33.9
PENPO_0016_09049	PENSU_0270_05283	22.667	300	178	14	3	277	2	272	1.5	34.3
PENPO_0016_09049	ASPNI_0007_04427	23.485	132	79	3	1	130	1	112	1.5	33.9
PENPO_0016_09049	ASPCA_0003_03009	31.959	97	59	3	100	196	136	225	1.5	33.9
PENPO_0016_09049	VALMA_0045_05659	23.383	201	128	9	6	201	8	187	1.5	34.3
PENPO_0016_09049	PENAR_0010_06057	24.113	141	92	5	5	134	12	148	1.6	34.3
PENPO_0016_09049	TORHE_0002_03019	42.000	50	29	0	1	50	1	50	1.7	33.9
PENPO_0016_09049	PENRO_0002_03209	31.461	89	46	4	3	87	2	79	1.9	33.9
PENPO_0016_09049	OIDMA_0005_06706	24.818	137	87	4	6	137	3	128	1.9	33.5
PENPO_0016_09049	PENST_0005_03616	41.509	53	29	1	1	53	1	51	1.9	33.5
PENPO_0016_09049	PENAN_0026_07699	47.222	36	18	1	161	196	178	212	1.9	33.5
PENPO_0016_09049	VALMA_0040_05332	26.027	73	53	1	6	78	8	79	1.9	33.5
PENPO_0016_09049	PENAR_0056_11415	44.000	50	20	2	1	43	1	49	2.1	33.5
PENPO_0016_09049	ARTOL_0081_06107	23.267	202	135	7	6	189	99	298	2.1	33.9
PENPO_0016_09049	PENEN_0109_08202	28.448	116	67	4	2	111	3584	3689	2.4	33.9
PENPO_0016_09049	ASPTE_0020_09201	43.182	44	21	1	7	46	6	49	2.7	33.1
PENPO_0016_09049	ASPLU_0002_00016	31.579	38	26	0	6	43	16	53	2.7	30.8
PENPO_0016_09049	TALIS_0002_00882	28.155	103	67	2	1	96	9	111	3.0	32.7
PENPO_0016_09049	ASPLU_0019_06046	23.485	132	79	3	1	130	1	112	3.3	33.1
PENPO_0016_09049	ASPKA_0146_11138	23.485	132	79	3	1	130	1	112	3.3	33.1
PENPO_0016_09049	PENSU_0025_00316	27.586	203	119	9	4	196	2	186	3.4	32.7
PENPO_0016_09049	STELY_0238_07756	28.244	131	64	6	32	140	2	124	3.4	32.7
PENPO_0016_09049	DIPCO_0038_06953	30.882	68	42	1	6	68	31	98	3.4	33.1
PENPO_0016_09049	PENSU_0496_12326	44.000	50	26	2	211	260	682	729	3.5	33.1
PENPO_0016_09049	PENAR_0019_08774	30.000	70	39	1	6	75	3	62	3.5	32.7
PENPO_0016_09049	ASPCA_0017_13210	36.538	52	30	2	1	49	1	52	3.8	32.7
PENPO_0016_09049	ASPCA_0024_14450	22.892	332	216	14	5	313	3	317	3.9	32.7
PENPO_0016_09049	ASPNI_0019_13735	26.486	185	99	8	6	178	3	162	3.9	32.7
PENPO_0016_09049	PENSU_0497_12706	45.000	40	22	0	6	45	3	42	4.0	32.7
PENPO_0016_09049	OIDMA_0007_07700	27.723	101	68	3	23	119	251	350	4.1	32.7
PENPO_0016_09049	TALIS_0009_07593	30.000	90	56	3	1	87	1	86	4.1	32.7
PENPO_0016_09049	PENCH_0036_09134	37.500	48	26	1	6	49	3600	3647	4.2	33.1
PENPO_0016_09049	OIDMA_0008_08672	27.857	140	78	6	1	129	1	128	4.2	32.7
PENPO_0016_09049	PENRO_0002_03260	27.215	158	89	6	101	250	99	238	4.2	33.1
PENPO_0016_09049	TORHE_0002_01657	37.500	48	25	1	1	43	1	48	4.3	32.7
PENPO_0016_09049	NEOFI_0245_00053	42.553	47	26	1	4	49	2	48	4.6	32.3
PENPO_0016_09049	ASPTE_0011_02790	37.288	59	34	2	6	62	3	60	4.6	32.3
PENPO_0016_09049	PENPO_0001_00276	25.949	158	91	5	101	250	99	238	5.2	32.7
PENPO_0016_09049	PENAN_0059_10116	25.000	84	61	2	1	84	1	82	5.2	32.3
PENPO_0016_09049	PYROM_0531_07237	27.273	88	51	3	1	84	1	79	5.4	32.3
PENPO_0016_09049	PENSO_0464_08098	28.571	112	69	2	6	117	3	103	5.4	32.3
PENPO_0016_09049	ASPTE_0022_09691	25.517	145	81	5	1	128	1	135	5.7	32.0
PENPO_0016_09049	PENAR_0042_11094	27.723	202	120	9	4	196	2	186	6.0	32.0
PENPO_0016_09049	PENEN_0076_05014	27.160	81	48	3	86	156	316	395	6.0	32.7
PENPO_0016_09049	PENSU_0077_01827	23.204	181	111	8	163	326	91	260	6.1	32.0
PENPO_0016_09049	PENPO_0001_00538	28.571	112	69	2	6	117	3	103	6.6	32.0
PENPO_0016_09049	PENST_0009_05521	34.000	50	27	1	1	44	1	50	6.6	32.0
PENPO_0016_09049	MICGY_0007_07113	29.762	84	50	3	6	84	4	83	6.7	32.0
PENPO_0016_09049	STELY_0124_02847	22.131	244	153	9	7	227	768	997	6.9	32.3
PENPO_0016_09049	VALMA_0144_09808	21.875	256	178	11	6	258	21	257	7.0	32.0
PENPO_0016_09049	PENFL_0034_08103	37.500	48	26	1	6	49	3645	3692	7.1	32.3
PENPO_0016_09049	PENFL_0035_08300	41.667	48	24	1	2	45	3	50	7.3	32.0
PENPO_0016_09049	ASPLU_0018_04810	26.486	185	99	8	6	178	3	162	7.3	31.6
PENPO_0016_09049	ASPKA_0059_04068	26.486	185	99	8	6	178	3	162	7.3	31.6
PENPO_0016_09049	OIDMA_0038_16435	22.388	134	98	2	6	138	3	131	7.3	32.0
PENPO_0016_09049	DIPCO_0014_03312	25.532	141	90	4	117	250	459	591	7.4	32.3
PENPO_0016_09049	OIDMA_0005_06664	26.207	145	78	6	6	130	660	795	7.9	32.0
PENPO_0016_09049	PENCH_0038_11993	30.380	79	38	3	95	156	60	138	7.9	32.0
PENPO_0016_09049	PENFR_0044_02455	25.949	158	91	5	101	250	99	238	8.1	32.0
PENPO_0016_09049	ASPTE_0014_04656	24.365	197	109	7	53	227	561	739	8.3	32.0
PENPO_0016_09049	PENRO_0005_09169	23.611	144	82	4	2	130	720	850	8.3	32.0
PENPO_0016_09049	STELY_0117_02409	42.553	47	24	2	6	49	4	50	8.4	31.6
PENPO_0016_09049	ASPNI_0015_10466	29.008	131	76	5	10	129	11	135	8.4	31.6
PENPO_0016_09049	PENCO_0006_05594	26.582	158	90	5	101	250	99	238	8.4	32.0
PENPO_0016_09049	NEOFI_0257_07156	28.235	85	46	4	6	86	5	78	9.3	31.6
PENPO_0016_09049	METMA_0085_08839	38.095	42	24	1	4	43	2	43	9.5	31.6
PENPO_0016_09049	PENVU_0087_09814	34.211	38	25	0	1	38	1	38	9.9	31.2
PENPO_0016_09049	PENCO_0011_07602	44.444	45	22	2	6	47	4	48	9.9	31.6
