PENPO_0016_09044	PENPO_0016_09044	100.000	496	0	0	1	496	1	496	0.0	1032
PENPO_0016_09044	PENSO_0198_03398	98.387	496	8	0	1	496	1	496	0.0	1021
PENPO_0016_09044	TALIS_0004_04490	91.129	496	44	0	1	496	1	496	0.0	963
PENPO_0016_09044	PENFR_0134_05618	96.522	345	12	0	152	496	1	345	0.0	700
PENPO_0016_09044	PENFR_0134_05624	42.947	475	270	1	19	492	32	506	1.24e-147	434
PENPO_0016_09044	PENSO_0198_03392	42.526	475	272	1	19	492	32	506	1.45e-146	432
PENPO_0016_09044	PENPO_0016_09050	42.737	475	271	1	19	492	32	506	2.39e-146	431
PENPO_0016_09044	TALIS_0004_04489	42.620	481	274	2	13	492	30	509	2.12e-145	429
PENPO_0016_09044	VALMA_0056_06365	53.562	379	175	1	53	431	1	378	1.66e-137	404
PENPO_0016_09044	PENST_0039_10212	36.673	499	292	7	3	484	11	502	8.73e-115	350
PENPO_0016_09044	NEOFI_0258_08957	36.929	482	282	6	17	481	23	499	5.55e-112	343
PENPO_0016_09044	PENCO_0006_05102	36.546	498	292	8	4	481	5	498	1.86e-111	342
PENPO_0016_09044	TORHE_0003_04299	36.605	489	294	6	17	490	24	511	8.13e-111	340
PENPO_0016_09044	PENEN_0003_00189	35.163	492	297	6	7	481	5	491	1.50e-110	340
PENPO_0016_09044	PENSU_0437_08490	35.356	478	287	7	21	481	26	498	4.39e-108	333
PENPO_0016_09044	PENAN_0039_09176	36.016	497	293	8	4	481	5	495	5.07e-108	333
PENPO_0016_09044	ASPTE_0022_09590	37.320	485	285	5	20	488	350	831	2.69e-107	347
PENPO_0016_09044	PENAR_0008_05350	36.667	510	290	8	5	488	18	520	2.94e-107	332
PENPO_0016_09044	PENPO_0001_00663	36.585	492	278	9	5	481	17	489	1.49e-105	329
PENPO_0016_09044	OIDMA_0020_14500	35.223	494	299	8	5	481	16	505	2.69e-104	324
PENPO_0016_09044	OIDMA_0021_14662	35.282	496	303	6	1	484	1	490	4.29e-103	320
PENPO_0016_09044	PENCH_0030_06248	33.333	489	306	5	24	496	33	517	1.23e-102	320
PENPO_0016_09044	TALIS_0008_06904	32.998	497	312	7	15	490	24	520	2.42e-102	319
PENPO_0016_09044	DIPCO_0013_03071	32.681	511	315	6	9	494	16	522	8.44e-102	318
PENPO_0016_09044	PENSO_0505_09589	33.264	484	305	5	27	496	35	514	8.81e-102	317
PENPO_0016_09044	PENPO_0006_05142	34.064	502	310	7	7	490	15	513	5.15e-101	315
PENPO_0016_09044	PENEN_0039_02721	33.198	491	304	6	24	496	32	516	8.62e-101	315
PENPO_0016_09044	PENCO_0003_03017	34.809	497	303	8	10	489	19	511	8.84e-101	315
PENPO_0016_09044	OIDMA_0007_07967	34.843	508	295	8	8	481	16	521	7.39e-100	313
PENPO_0016_09044	PENPO_0002_02572	33.405	464	294	4	28	477	36	498	7.90e-100	311
PENPO_0016_09044	ASPTE_0017_06834	33.068	502	307	7	7	486	15	509	1.54e-99	312
PENPO_0016_09044	ARTOL_0111_08263	34.949	495	307	7	5	489	5	494	1.71e-99	311
PENPO_0016_09044	PENAN_0002_00979	33.800	500	312	7	7	490	15	511	9.64e-99	309
PENPO_0016_09044	PENFL_0059_09752	34.205	497	307	7	7	486	15	508	1.10e-98	309
PENPO_0016_09044	PENRO_0003_06783	32.515	489	310	5	24	496	33	517	6.74e-98	307
PENPO_0016_09044	ARTOL_0079_05191	35.084	476	288	7	28	490	29	496	8.96e-98	307
PENPO_0016_09044	DIPCO_0047_07782	33.826	541	285	11	8	481	19	553	2.90e-97	307
PENPO_0016_09044	PENST_0020_08725	32.079	505	310	8	9	481	18	521	3.11e-96	304
PENPO_0016_09044	PENCO_0011_07660	31.590	497	315	6	13	489	21	512	3.19e-96	303
PENPO_0016_09044	VALMA_0021_03588	32.638	527	303	7	9	484	18	543	5.19e-96	304
PENPO_0016_09044	DIPCO_0039_06986	36.344	465	288	5	28	492	28	484	5.71e-96	301
PENPO_0016_09044	ASPLU_0018_05138	34.343	495	290	9	21	490	29	513	7.26e-96	302
PENPO_0016_09044	OIDMA_0045_16539	33.199	497	308	7	5	496	17	494	1.15e-95	301
PENPO_0016_09044	ASPKA_0067_07662	33.266	496	307	8	10	495	28	509	7.11e-95	299
PENPO_0016_09044	PENEN_0070_04511	33.004	506	316	8	7	492	15	517	8.40e-95	299
PENPO_0016_09044	PENAR_0043_11142	33.531	507	292	10	7	473	18	519	1.12e-94	300
PENPO_0016_09044	DIPCO_0007_01834	33.263	472	295	7	28	494	40	496	1.90e-94	298
PENPO_0016_09044	PENFR_0002_00154	33.557	447	282	4	28	460	36	481	2.70e-94	298
PENPO_0016_09044	PYROM_0354_04932	34.369	483	304	9	6	482	29	504	1.22e-93	296
PENPO_0016_09044	PENVU_0055_08830	34.008	494	302	9	10	486	19	505	1.33e-93	296
PENPO_0016_09044	PENSU_0072_01407	34.221	488	280	10	27	484	35	511	2.47e-92	293
PENPO_0016_09044	PYROM_0118_00281	35.408	466	288	7	31	490	99	557	2.13e-91	292
PENPO_0016_09044	PENCH_0029_05045	34.255	470	294	9	28	488	23	486	1.00e-90	288
PENPO_0016_09044	PENSO_0442_07386	33.004	506	301	8	7	477	15	517	2.31e-90	298
PENPO_0016_09044	ASPKA_0064_06068	33.737	495	282	10	21	490	29	502	4.49e-90	286
PENPO_0016_09044	ASPTE_0011_03108	34.581	454	284	4	48	492	2	451	4.55e-90	285
PENPO_0016_09044	OIDMA_0012_11113	34.255	470	286	6	24	471	31	499	6.59e-89	284
PENPO_0016_09044	PENRO_0006_10057	32.258	527	312	10	1	486	4	526	7.19e-89	284
PENPO_0016_09044	ASPNI_0003_02648	32.115	520	292	9	15	490	23	525	7.58e-89	284
PENPO_0016_09044	DIPCO_0012_02859	29.856	556	308	7	8	482	12	566	8.62e-89	286
PENPO_0016_09044	STELY_0146_04457	32.990	485	297	8	8	466	16	498	9.24e-89	283
PENPO_0016_09044	PENSU_0104_02292	31.846	493	318	5	2	481	13	500	1.18e-88	283
PENPO_0016_09044	OIDMA_0017_13588	32.479	468	303	4	6	468	5	464	2.22e-88	281
PENPO_0016_09044	PENAR_0029_10253	33.471	484	301	11	6	477	12	486	1.49e-87	280
PENPO_0016_09044	OIDMA_0010_09805	34.261	467	286	8	28	481	33	491	4.62e-87	279
PENPO_0016_09044	PENCO_0002_01794	32.136	501	324	7	7	496	11	506	1.97e-86	277
PENPO_0016_09044	STELY_0097_00189	34.120	466	285	8	28	482	31	485	2.01e-86	277
PENPO_0016_09044	PENSO_0196_03300	37.143	385	224	6	112	481	1	382	2.15e-86	273
PENPO_0016_09044	MICGY_0008_07784	34.091	484	274	12	24	477	34	502	2.65e-86	277
PENPO_0016_09044	VALMA_0002_00374	32.934	501	309	9	8	490	14	505	3.03e-86	277
PENPO_0016_09044	ASPCA_0013_12215	37.129	404	232	8	95	481	135	533	9.54e-86	276
PENPO_0016_09044	PENCH_0028_01255	32.806	506	298	10	1	477	4	496	4.53e-85	274
PENPO_0016_09044	TALIS_0003_03449	33.839	461	265	10	28	470	42	480	7.96e-85	273
PENPO_0016_09044	ARTOT_0004_03899	33.333	498	304	10	6	481	20	511	1.45e-84	273
PENPO_0016_09044	PENST_0038_10199	33.121	471	293	9	32	488	41	503	3.54e-84	271
PENPO_0016_09044	NEOFI_0259_09832	33.264	478	297	9	28	486	41	515	5.67e-84	271
PENPO_0016_09044	PENST_0014_07503	30.754	504	309	9	12	492	16	502	9.90e-84	270
PENPO_0016_09044	ASPCA_0007_07789	32.833	466	285	11	32	480	42	496	1.71e-83	270
PENPO_0016_09044	PENVU_0051_08650	32.470	502	315	9	7	490	18	513	3.42e-83	269
PENPO_0016_09044	STELY_0102_01023	32.136	501	315	9	7	489	11	504	4.45e-83	269
PENPO_0016_09044	PENPO_0014_08695	31.361	507	329	7	2	490	8	513	4.81e-83	269
PENPO_0016_09044	PENFL_0050_09332	32.326	430	270	5	24	435	33	459	6.56e-83	267
PENPO_0016_09044	STELY_0097_00192	33.198	494	298	8	19	482	1821	2312	8.68e-83	283
PENPO_0016_09044	ASPCA_0006_06713	34.103	390	241	6	107	481	5	393	3.22e-82	263
PENPO_0016_09044	PENVU_0049_08473	30.832	493	327	6	7	490	11	498	4.42e-82	266
PENPO_0016_09044	VALMA_0029_04451	31.548	504	303	11	20	492	46	538	7.90e-82	266
PENPO_0016_09044	PENVU_0059_09028	30.832	493	311	7	26	496	36	520	8.32e-82	266
PENPO_0016_09044	PENAN_0010_04257	31.400	500	320	9	8	488	15	510	1.32e-81	265
PENPO_0016_09044	PENAR_0002_01577	31.120	482	303	10	28	490	30	501	1.48e-81	265
PENPO_0016_09044	PENFL_0060_09786	31.187	497	308	8	7	484	11	492	2.35e-81	264
PENPO_0016_09044	TALIS_0002_00506	34.491	403	235	7	28	417	44	430	2.35e-81	262
PENPO_0016_09044	TALIS_0014_09576	31.712	473	285	10	11	467	25	475	9.17e-81	263
PENPO_0016_09044	TORHE_0003_04300	31.287	505	314	8	9	492	12	504	2.58e-80	261
PENPO_0016_09044	PENFL_0024_06835	32.165	485	307	7	19	488	32	509	1.20e-79	260
PENPO_0016_09044	PENFL_0043_08917	31.911	492	316	9	13	486	18	508	1.41e-79	259
PENPO_0016_09044	PENSO_0408_06938	28.862	492	311	9	28	490	34	515	1.44e-79	260
PENPO_0016_09044	PENPO_0003_02814	29.065	492	310	9	28	490	34	515	2.20e-79	259
PENPO_0016_09044	PENAR_0006_04229	28.600	507	343	7	2	490	17	522	3.26e-79	259
PENPO_0016_09044	PENST_0002_01852	30.185	487	321	9	6	480	16	495	3.81e-79	258
PENPO_0016_09044	PENRO_0007_10814	30.677	502	330	8	2	486	8	508	3.82e-79	258
PENPO_0016_09044	DIPCO_0075_09739	33.128	486	286	9	9	465	20	495	3.82e-79	259
PENPO_0016_09044	NEOFI_0257_07122	30.707	495	316	9	10	490	16	497	7.37e-79	258
PENPO_0016_09044	TALIS_0006_06138	32.444	450	282	8	28	468	163	599	7.52e-79	270
PENPO_0016_09044	PENEN_0118_08868	31.546	485	310	7	19	488	32	509	8.85e-79	258
PENPO_0016_09044	VALMA_0089_08040	31.078	473	303	8	28	481	45	513	1.37e-78	258
PENPO_0016_09044	PENVU_0001_00358	31.546	485	310	7	19	488	32	509	1.62e-78	257
PENPO_0016_09044	PENST_0026_09484	30.435	506	331	8	5	492	13	515	1.63e-78	257
PENPO_0016_09044	TORHE_0003_03468	30.097	515	323	12	5	495	5	506	2.47e-78	256
PENPO_0016_09044	PENFR_0296_08807	29.752	484	301	9	28	482	34	507	5.92e-78	256
PENPO_0016_09044	PENCH_0028_02007	30.315	508	329	9	4	490	10	513	6.16e-78	255
PENPO_0016_09044	PENPO_0006_05670	32.739	449	281	7	52	490	5	442	1.12e-77	253
PENPO_0016_09044	ASPNI_0007_04769	31.429	490	314	8	12	490	13	491	1.19e-77	254
PENPO_0016_09044	PENCH_0034_07748	31.601	481	287	9	7	464	11	472	1.78e-77	254
PENPO_0016_09044	PENSO_0232_04310	31.277	470	304	7	39	490	72	540	1.87e-77	255
PENPO_0016_09044	PENEN_0118_08858	29.461	482	296	6	31	493	41	497	3.12e-77	253
PENPO_0016_09044	ASPLU_0019_05743	32.406	503	313	10	1	490	3	491	3.21e-77	253
PENPO_0016_09044	ASPKA_0146_11410	32.406	503	313	10	1	490	3	491	3.21e-77	253
PENPO_0016_09044	METMA_0008_02405	30.081	492	304	9	28	492	31	509	5.68e-77	253
PENPO_0016_09044	TORHE_0003_04428	31.056	483	304	8	28	490	38	511	6.73e-77	253
PENPO_0016_09044	PENST_0012_06804	30.118	508	331	9	8	495	18	521	7.32e-77	253
PENPO_0016_09044	PENSO_0080_01281	31.321	530	314	15	2	496	19	533	1.48e-76	252
PENPO_0016_09044	PENST_0008_05225	28.429	503	333	9	6	490	5	498	2.31e-76	251
PENPO_0016_09044	PENSO_0504_09566	28.743	501	332	7	8	488	13	508	2.39e-76	251
PENPO_0016_09044	ASPLU_0026_10200	30.242	496	293	8	10	495	73	525	4.87e-76	251
PENPO_0016_09044	PENCH_0029_03856	29.545	484	316	7	28	490	34	513	5.48e-76	250
PENPO_0016_09044	ASPCA_0007_08206	32.544	507	308	10	6	490	12	506	6.19e-76	250
PENPO_0016_09044	PENPO_0003_03213	29.400	500	330	7	8	488	13	508	7.19e-76	250
PENPO_0016_09044	PENRO_0002_01759	28.743	501	332	8	8	488	13	508	1.33e-75	249
PENPO_0016_09044	CORMI_0003_03101	31.365	491	300	9	28	490	28	509	1.33e-75	256
PENPO_0016_09044	ASPCA_0029_14887	28.893	488	322	10	4	481	13	485	1.46e-75	249
PENPO_0016_09044	PENFL_0002_01140	29.876	482	310	10	28	490	29	501	1.50e-75	249
PENPO_0016_09044	TALIS_0007_06481	30.000	480	318	7	23	488	23	498	2.25e-75	249
PENPO_0016_09044	PENFR_0086_04079	31.626	449	288	7	60	490	16	463	2.58e-75	247
PENPO_0016_09044	PENVU_0009_03417	29.839	496	323	8	15	490	20	510	1.50e-74	246
PENPO_0016_09044	DIPCO_0014_03375	30.375	507	326	10	7	490	25	527	3.72e-74	246
PENPO_0016_09044	PENPO_0011_07865	30.943	530	316	15	2	496	19	533	5.01e-74	246
PENPO_0016_09044	METMA_0019_04760	31.533	463	296	10	5	453	13	468	6.13e-74	245
PENPO_0016_09044	PENAR_0017_08239	30.040	506	329	9	4	488	10	511	7.19e-74	245
PENPO_0016_09044	ASPCA_0002_00103	30.372	484	316	9	19	488	22	498	1.48e-73	244
PENPO_0016_09044	PENFR_0052_02778	30.192	520	313	14	12	496	29	533	1.15e-72	242
PENPO_0016_09044	ASPTE_0017_06358	33.484	442	271	9	5	431	16	449	9.65e-72	238
PENPO_0016_09044	PENRO_0006_10457	31.373	510	315	11	3	490	82	578	1.13e-71	248
PENPO_0016_09044	PENVU_0001_00339	29.352	494	328	7	6	483	40	528	1.51e-71	239
PENPO_0016_09044	ASPTE_0013_03926	29.317	498	332	7	4	482	19	515	1.56e-71	239
PENPO_0016_09044	VALMA_0122_09235	29.652	489	315	8	10	474	14	497	2.03e-71	246
PENPO_0016_09044	PENAR_0030_10338	28.630	489	317	8	6	470	14	494	6.91e-71	237
PENPO_0016_09044	PENFR_0142_05810	32.054	443	269	9	65	495	21	443	1.62e-70	235
PENPO_0016_09044	ASPCA_0007_07780	29.806	463	312	6	12	471	29	481	3.24e-70	235
PENPO_0016_09044	PENAR_0010_06161	29.979	477	306	9	28	488	32	496	5.88e-70	239
PENPO_0016_09044	PENSO_0270_05013	30.080	502	299	10	3	490	7	470	7.04e-70	233
PENPO_0016_09044	PENCO_0012_07880	28.797	507	303	11	8	488	16	490	1.09e-69	233
PENPO_0016_09044	PENEN_0084_05999	30.346	491	306	12	5	481	15	483	5.12e-69	231
PENPO_0016_09044	PENST_0001_01195	29.249	506	307	7	11	485	11	496	6.43e-69	232
PENPO_0016_09044	PENCO_0006_05339	29.757	494	326	8	6	483	40	528	9.38e-69	232
PENPO_0016_09044	STELY_0254_08278	29.883	512	329	11	5	494	17	520	1.16e-68	236
PENPO_0016_09044	PENSU_0394_06756	31.368	424	270	11	67	482	17	427	1.84e-68	228
PENPO_0016_09044	PENSU_0281_05387	30.252	476	299	11	28	490	44	499	4.98e-68	229
PENPO_0016_09044	METMA_0198_10620	31.579	399	248	7	58	445	2	386	1.03e-67	225
PENPO_0016_09044	DIPCO_0020_04371	30.871	528	301	14	17	494	14	527	1.68e-66	226
PENPO_0016_09044	ASPTE_0012_03523	29.630	513	326	11	2	496	7	502	2.55e-66	224
PENPO_0016_09044	PENST_0002_01453	28.270	474	322	7	9	474	24	487	5.25e-66	223
PENPO_0016_09044	VALMA_0002_00380	32.489	474	291	10	16	470	30	493	1.17e-65	229
PENPO_0016_09044	OIDMA_0026_15727	27.799	518	341	12	3	496	2	510	1.50e-65	223
PENPO_0016_09044	PENFL_0005_02501	28.827	503	309	10	7	488	16	490	1.76e-65	222
PENPO_0016_09044	PENST_0018_08329	28.145	469	313	9	8	464	15	471	1.79e-65	223
PENPO_0016_09044	OIDMA_0001_01571	30.131	458	305	7	19	471	7	454	2.48e-65	221
PENPO_0016_09044	ASPNI_0003_01780	28.913	460	311	6	20	471	34	485	5.26e-65	221
PENPO_0016_09044	PENSO_0040_00497	29.485	485	315	11	5	477	40	509	1.11e-64	221
PENPO_0016_09044	TORHE_0002_01680	30.159	441	286	9	28	453	32	465	1.26e-64	220
PENPO_0016_09044	PENAN_0004_01952	29.756	410	264	7	28	420	35	437	2.26e-64	218
PENPO_0016_09044	ASPKA_0134_08907	29.130	460	310	7	20	471	34	485	2.88e-63	217
PENPO_0016_09044	PENCO_0002_02392	27.484	473	327	7	5	471	13	475	4.24e-63	216
PENPO_0016_09044	ASPLU_0015_03439	28.942	463	310	7	20	471	34	488	4.64e-63	216
PENPO_0016_09044	OIDMA_0011_10628	32.008	478	286	11	7	467	15	470	6.13e-63	216
PENPO_0016_09044	OIDMA_0022_15016	28.543	501	321	13	10	488	15	500	6.55e-63	216
PENPO_0016_09044	PENSU_0109_02480	29.399	449	263	8	28	460	32	442	8.69e-63	214
PENPO_0016_09044	PENSU_0069_01227	28.074	488	298	9	3	466	11	469	1.94e-62	213
PENPO_0016_09044	OIDMA_0001_00093	31.729	457	277	10	31	464	35	479	2.03e-62	214
PENPO_0016_09044	DIPCO_0028_05629	29.461	482	308	9	9	470	11	480	2.33e-62	214
PENPO_0016_09044	OIDMA_0003_04563	30.972	494	304	14	10	477	17	499	3.99e-62	214
PENPO_0016_09044	PYROM_1524_13021	28.235	510	318	17	7	490	25	512	8.32e-62	213
PENPO_0016_09044	DIPCO_0064_09132	30.025	393	262	6	65	451	20	405	9.09e-62	210
PENPO_0016_09044	ASPLU_0040_12661	29.087	471	285	9	31	494	34	462	1.03e-61	213
PENPO_0016_09044	PENSU_0497_12656	32.687	361	200	8	137	460	2	356	6.08e-61	207
PENPO_0016_09044	PENST_0026_09480	29.327	416	262	6	95	490	3	406	8.13e-61	207
PENPO_0016_09044	PENRO_0003_04865	26.767	467	314	5	7	471	18	458	1.56e-60	209
PENPO_0016_09044	AGABI_0013_01605	28.185	518	308	11	1	468	17	520	1.66e-60	210
PENPO_0016_09044	STELY_0132_03402	30.695	518	314	13	5	490	17	521	2.19e-60	209
PENPO_0016_09044	ASPCA_0029_14884	28.032	503	335	9	13	494	29	525	2.82e-60	209
PENPO_0016_09044	PENAR_0043_11141	29.820	389	249	5	113	480	66	451	7.06e-60	206
PENPO_0016_09044	PENSU_0385_06629	30.583	412	263	8	98	490	1	408	3.49e-59	203
PENPO_0016_09044	ASPLU_0019_06029	27.273	484	332	9	2	473	22	497	6.18e-59	206
PENPO_0016_09044	ASPCA_0003_02219	31.121	437	250	9	95	486	5	435	6.85e-59	203
PENPO_0016_09044	ASPKA_0146_11155	27.273	484	332	9	2	473	17	492	7.68e-59	205
PENPO_0016_09044	PENAR_0007_04738	28.381	451	296	9	28	456	4	449	1.27e-58	203
PENPO_0016_09044	ASPCA_0014_12600	27.255	499	327	8	5	483	18	500	1.59e-58	204
PENPO_0016_09044	METMA_0016_04207	29.448	489	302	12	5	464	14	488	2.12e-58	204
PENPO_0016_09044	AGABI_0013_01772	27.767	533	325	10	2	486	14	534	2.71e-58	204
PENPO_0016_09044	ASPCA_0022_14223	31.106	479	294	13	5	470	68	523	3.19e-58	204
PENPO_0016_09044	STELY_0101_00810	28.883	412	273	8	48	446	1	405	3.34e-58	201
PENPO_0016_09044	ASPKA_0062_05087	28.859	447	287	9	28	469	34	454	9.72e-58	201
PENPO_0016_09044	OIDMA_0012_11093	31.304	460	274	14	31	464	35	478	1.27e-57	202
PENPO_0016_09044	PENFL_0019_05966	27.731	476	329	6	1	471	1	466	1.29e-57	201
PENPO_0016_09044	PENRO_0007_11130	27.176	471	324	8	1	460	1	463	1.97e-57	201
PENPO_0016_09044	ASPCA_0002_00069	28.936	470	311	10	5	460	18	478	4.89e-57	200
PENPO_0016_09044	PENVU_0015_04693	29.622	503	333	10	5	490	2	500	5.03e-57	200
PENPO_0016_09044	PENSO_0479_08583	28.807	486	306	11	6	467	3	472	5.51e-57	200
PENPO_0016_09044	OIDMA_0003_04512	29.149	470	291	13	26	470	43	495	9.10e-57	199
PENPO_0016_09044	DIPCO_0021_04643	26.130	509	337	10	8	493	12	504	9.20e-57	199
PENPO_0016_09044	PENSU_0388_06657	29.496	417	274	8	19	424	38	445	9.41e-57	198
PENPO_0016_09044	PENCH_0030_06332	28.416	461	315	6	15	470	15	465	1.48e-56	199
PENPO_0016_09044	ASPNI_0010_06703	30.118	425	276	9	28	447	34	442	1.51e-56	198
PENPO_0016_09044	PENFL_0090_10456	27.137	468	321	9	4	460	5	463	1.78e-56	198
PENPO_0016_09044	VALMA_0046_05759	30.061	489	295	12	12	469	14	486	2.04e-56	199
PENPO_0016_09044	STELY_0137_03671	28.032	503	270	13	8	487	11	444	2.34e-56	197
PENPO_0016_09044	DIPCO_0013_03213	29.565	460	299	12	28	472	31	480	2.82e-56	198
PENPO_0016_09044	ASPNI_0014_10001	28.638	426	271	9	7	422	25	427	5.90e-56	197
PENPO_0016_09044	PENAR_0005_03821	33.421	380	228	9	65	433	19	384	6.22e-56	204
PENPO_0016_09044	VALMA_0005_01338	29.350	477	311	9	28	490	47	511	1.66e-55	196
PENPO_0016_09044	TORHE_0006_09855	28.429	503	321	15	10	495	11	491	1.86e-55	196
PENPO_0016_09044	ASPNI_0013_08667	28.632	475	299	12	30	492	33	479	1.99e-55	195
PENPO_0016_09044	PYROM_0330_04326	28.419	468	293	12	28	469	28	479	2.51e-55	196
PENPO_0016_09044	PENVU_0004_01973	28.043	460	294	6	28	470	26	465	3.68e-55	195
PENPO_0016_09044	OIDMA_0003_04521	28.333	480	306	12	4	467	16	473	5.41e-55	194
PENPO_0016_09044	OIDMA_0021_14667	27.721	487	325	8	19	493	14	485	8.42e-55	194
PENPO_0016_09044	VALMA_0071_07204	28.151	476	294	11	25	464	32	495	9.95e-55	194
PENPO_0016_09044	VALMA_0062_06731	28.081	495	309	10	4	467	27	505	1.12e-54	194
PENPO_0016_09044	PENPO_0021_09860	28.807	486	305	12	6	467	3	471	1.20e-54	193
PENPO_0016_09044	PENFR_0004_00303	29.024	410	266	9	99	488	2	406	1.46e-54	191
PENPO_0016_09044	ASPKA_0137_09103	26.708	483	332	8	5	474	18	491	2.12e-54	193
PENPO_0016_09044	ASPLU_0009_02429	26.708	483	332	8	5	474	18	491	2.12e-54	193
PENPO_0016_09044	PENAR_0017_08167	26.652	454	303	12	62	496	4	446	2.59e-54	191
PENPO_0016_09044	CORMI_0007_07322	29.352	494	310	12	1	473	16	491	2.94e-54	193
PENPO_0016_09044	OIDMA_0001_01448	27.309	498	326	14	10	489	20	499	3.98e-54	192
PENPO_0016_09044	VALMA_0081_07701	30.446	404	251	9	61	453	10	394	5.73e-54	191
PENPO_0016_09044	PENFL_0011_04101	27.328	494	326	14	5	477	18	499	6.96e-54	192
PENPO_0016_09044	PENSO_0244_04590	28.140	430	279	9	53	467	33	447	8.90e-54	191
PENPO_0016_09044	PENSU_0394_06855	27.711	498	315	13	7	477	20	499	1.31e-53	191
PENPO_0016_09044	ASPTE_0010_02518	28.947	380	237	8	137	488	2	376	1.47e-53	187
PENPO_0016_09044	VALMA_0064_06822	29.796	490	306	13	28	492	38	514	1.57e-53	191
PENPO_0016_09044	ASPTE_0022_09531	27.686	484	312	13	5	460	19	492	1.80e-53	191
PENPO_0016_09044	PENCH_0034_08596	27.126	494	327	14	5	477	18	499	2.06e-53	191
PENPO_0016_09044	OIDMA_0045_16550	29.424	486	298	14	28	492	33	494	2.17e-53	191
PENPO_0016_09044	PENRO_0004_08597	27.119	472	316	12	5	460	18	477	3.03e-53	190
PENPO_0016_09044	VALMA_0001_00224	28.692	474	323	7	6	472	13	478	3.31e-53	190
PENPO_0016_09044	VALMA_0009_01944	29.284	461	299	9	28	471	36	486	3.77e-53	190
PENPO_0016_09044	PENSU_0107_02347	27.291	502	320	11	1	468	2	492	4.24e-53	190
PENPO_0016_09044	CORMI_0008_08581	28.541	473	291	10	28	464	35	496	7.24e-53	189
PENPO_0016_09044	NEOFI_0256_06353	27.101	476	318	12	5	463	18	481	1.08e-52	189
PENPO_0016_09044	VALMA_0104_08620	27.801	482	320	11	5	471	11	479	1.11e-52	188
PENPO_0016_09044	ASPTE_0010_02584	35.789	285	168	4	15	292	33	309	1.15e-52	183
PENPO_0016_09044	ASPCA_0004_04043	29.645	479	302	15	32	490	35	498	1.44e-52	188
PENPO_0016_09044	PENCO_0002_01873	27.706	462	312	7	6	457	6	455	1.58e-52	187
PENPO_0016_09044	PENVU_0006_02541	29.630	405	253	9	107	490	6	399	1.79e-52	186
PENPO_0016_09044	STELY_0276_08789	30.227	440	253	11	31	439	34	450	1.82e-52	195
PENPO_0016_09044	OIDMA_0008_08900	30.531	452	254	12	19	443	6	424	1.85e-52	186
PENPO_0016_09044	ASPCA_0018_13586	32.523	329	196	7	138	447	3	324	2.16e-52	183
PENPO_0016_09044	OIDMA_0001_00295	28.051	467	309	12	28	481	28	480	2.17e-52	187
PENPO_0016_09044	PENAN_0001_00609	26.884	491	272	13	7	495	572	977	3.20e-52	193
PENPO_0016_09044	PENCO_0001_01571	26.923	494	328	14	5	477	18	499	3.83e-52	187
PENPO_0016_09044	PENST_0005_03386	30.143	491	289	16	10	464	12	484	4.86e-52	187
PENPO_0016_09044	STELY_0101_00501	29.557	406	234	7	60	441	64	441	5.18e-52	193
PENPO_0016_09044	ASPKA_0137_09083	29.764	467	286	11	28	464	32	486	5.30e-52	187
PENPO_0016_09044	ASPLU_0009_02452	29.764	467	286	11	28	464	32	486	5.30e-52	187
PENPO_0016_09044	VALMA_0008_01847	28.817	465	294	11	28	465	40	494	9.01e-52	191
PENPO_0016_09044	ASPNI_0013_08876	29.095	464	293	9	28	464	32	486	1.02e-51	186
PENPO_0016_09044	PENAR_0008_05394	27.586	522	328	12	7	493	4	510	1.04e-51	186
PENPO_0016_09044	PENAR_0005_03733	26.316	494	331	13	5	477	18	499	1.24e-51	186
PENPO_0016_09044	CORMI_0003_03044	26.778	478	323	12	5	472	28	488	1.24e-51	186
PENPO_0016_09044	CORMI_0005_05685	29.019	479	304	14	28	490	26	484	1.35e-51	185
PENPO_0016_09044	ASPLU_0007_00989	27.015	459	306	9	5	449	1	444	1.55e-51	185
PENPO_0016_09044	ASPKA_0036_00570	27.015	459	306	9	5	449	1	444	1.55e-51	185
PENPO_0016_09044	ASPNI_0016_11518	27.828	442	301	8	28	468	45	469	1.84e-51	185
PENPO_0016_09044	PENPO_0004_03780	26.271	472	320	11	5	460	18	477	2.22e-51	185
PENPO_0016_09044	PENSO_0259_04857	26.271	472	320	11	5	460	18	477	2.22e-51	185
PENPO_0016_09044	PENST_0028_09709	26.392	485	321	11	6	470	16	484	2.62e-51	185
PENPO_0016_09044	PENEN_0111_08408	29.374	463	297	13	24	473	35	480	3.14e-51	184
PENPO_0016_09044	NEOFI_0257_08179	28.921	491	308	12	2	464	10	487	3.29e-51	185
PENPO_0016_09044	TALIS_0011_08663	30.342	468	292	12	4	457	20	467	3.33e-51	190
PENPO_0016_09044	PENVU_0075_09587	26.526	475	321	12	5	463	18	480	4.37e-51	184
PENPO_0016_09044	PENAN_0037_09011	26.104	498	326	14	5	477	18	498	5.60e-51	184
PENPO_0016_09044	CORMI_0004_04671	28.964	473	297	14	25	471	34	493	7.27e-51	184
PENPO_0016_09044	PYROM_0276_03493	28.178	472	308	13	7	461	39	496	9.91e-51	184
PENPO_0016_09044	PENFR_0494_10660	25.847	472	322	11	5	460	18	477	1.02e-50	183
PENPO_0016_09044	OIDMA_0016_12924	28.446	457	294	11	28	464	27	470	1.39e-50	182
PENPO_0016_09044	MICGY_0002_01098	30.543	442	276	10	28	451	66	494	1.53e-50	183
PENPO_0016_09044	STELY_0128_03119	28.195	493	325	11	4	478	19	500	1.68e-50	182
PENPO_0016_09044	ASPNI_0013_08846	26.383	470	324	9	18	474	31	491	3.57e-50	182
PENPO_0016_09044	TALIS_0004_03930	27.930	512	314	14	6	474	12	511	5.82e-50	181
PENPO_0016_09044	ASPTE_0012_03624	28.964	473	292	13	23	464	29	488	5.82e-50	181
PENPO_0016_09044	PENPO_0020_09772	28.041	485	307	11	10	464	12	484	7.29e-50	181
PENPO_0016_09044	ASPLU_0018_05463	26.052	499	338	11	6	488	20	503	8.69e-50	181
PENPO_0016_09044	PENAN_0010_04191	27.820	399	261	9	115	496	11	399	8.75e-50	178
PENPO_0016_09044	PENVU_0037_07652	26.994	489	311	14	5	472	15	478	1.03e-49	180
PENPO_0016_09044	TALIS_0002_00087	28.903	474	287	14	22	462	899	1355	2.17e-49	186
PENPO_0016_09044	PENVU_0029_06842	26.650	409	289	5	65	471	3	402	2.21e-49	177
PENPO_0016_09044	METMA_0083_08791	30.377	451	283	12	60	494	14	449	2.66e-49	178
PENPO_0016_09044	PENSO_0148_02382	26.994	489	298	14	25	472	21	491	3.83e-49	179
PENPO_0016_09044	PENFR_0393_09895	28.041	485	307	11	10	464	12	484	3.90e-49	179
PENPO_0016_09044	PENPO_0007_05811	29.142	501	318	15	8	494	28	505	4.22e-49	179
PENPO_0016_09044	ASPCA_0014_12500	26.916	509	322	13	28	495	29	528	4.60e-49	179
PENPO_0016_09044	PENVU_0018_05220	28.571	483	307	10	10	464	12	484	5.30e-49	179
PENPO_0016_09044	PENSU_0523_13598	28.542	487	302	13	10	464	12	484	5.92e-49	179
PENPO_0016_09044	PENCH_0034_08582	28.834	489	301	13	10	482	18	475	6.77e-49	178
PENPO_0016_09044	PENCO_0001_01449	28.337	487	315	14	4	473	11	480	9.31e-49	178
PENPO_0016_09044	MICGY_0003_03330	28.450	471	308	11	15	472	15	469	1.02e-48	177
PENPO_0016_09044	PENVU_0041_07980	29.167	456	293	13	32	473	43	482	1.04e-48	177
PENPO_0016_09044	PENEN_0039_02722	31.298	393	250	8	115	490	33	422	1.28e-48	176
PENPO_0016_09044	TORHE_0006_09843	28.633	461	301	12	4	459	81	518	2.05e-48	178
PENPO_0016_09044	PENFR_0045_02467	29.184	490	310	15	19	494	39	505	2.28e-48	177
PENPO_0016_09044	PENAR_0015_07821	28.785	469	288	12	28	464	30	484	2.76e-48	177
PENPO_0016_09044	VALMA_0016_02963	28.131	487	320	10	4	473	25	498	2.77e-48	177
PENPO_0016_09044	TALIS_0009_07789	27.490	502	320	14	5	484	17	496	3.32e-48	176
PENPO_0016_09044	PENST_0017_08188	28.378	444	283	12	28	460	38	457	4.72e-48	176
PENPO_0016_09044	PENAR_0011_06513	27.500	480	301	13	28	472	36	503	4.91e-48	176
PENPO_0016_09044	TORHE_0002_01313	26.854	499	318	12	27	492	47	531	5.29e-48	176
PENPO_0016_09044	PENCO_0011_07496	28.542	487	306	12	8	464	10	484	5.72e-48	176
PENPO_0016_09044	PENAN_0005_02504	26.667	480	305	12	28	472	36	503	7.23e-48	176
PENPO_0016_09044	OIDMA_0014_12199	26.949	449	281	12	28	470	11	418	9.41e-48	173
PENPO_0016_09044	VALMA_0005_01123	26.752	471	328	10	8	471	23	483	1.09e-47	175
PENPO_0016_09044	PENRO_0006_10212	26.994	489	298	14	25	472	33	503	1.16e-47	175
PENPO_0016_09044	PENEN_0147_10649	26.749	486	297	14	28	472	36	503	1.43e-47	175
PENPO_0016_09044	PENPO_0006_05269	26.789	489	299	14	25	472	21	491	1.51e-47	175
PENPO_0016_09044	CORMI_0010_09335	28.484	488	310	14	7	471	26	497	1.96e-47	175
PENPO_0016_09044	PENSU_0536_13905	27.642	492	300	15	28	480	40	514	2.32e-47	174
PENPO_0016_09044	PENRO_0003_06989	28.866	485	303	12	10	464	12	484	3.11e-47	174
PENPO_0016_09044	PENCH_0028_01113	26.122	490	301	14	25	472	33	503	3.43e-47	174
PENPO_0016_09044	PENEN_0039_02718	29.600	375	241	10	117	479	1	364	3.65e-47	171
PENPO_0016_09044	METMA_0016_04266	26.337	505	316	13	4	467	22	511	3.74e-47	174
PENPO_0016_09044	PENST_0012_06910	28.337	487	309	13	11	473	16	486	4.46e-47	173
PENPO_0016_09044	PENFL_0051_09421	27.010	485	316	9	8	464	10	484	4.71e-47	173
PENPO_0016_09044	DIPCO_0064_09149	27.443	481	327	13	1	471	1	469	6.07e-47	172
PENPO_0016_09044	PENVU_0005_02168	26.744	516	311	15	6	472	6	503	6.31e-47	173
PENPO_0016_09044	PENCO_0001_00045	27.389	471	290	13	34	464	40	498	6.94e-47	173
PENPO_0016_09044	VALMA_0015_02846	27.335	439	292	11	28	458	38	457	6.96e-47	172
PENPO_0016_09044	VALMA_0091_08130	31.267	371	227	8	113	471	14	368	9.30e-47	170
PENPO_0016_09044	DIPCO_0009_02285	27.479	484	324	12	3	471	18	489	9.66e-47	172
PENPO_0016_09044	PENFL_0001_00362	27.725	523	324	18	5	495	4	504	1.18e-46	172
PENPO_0016_09044	TALIS_0002_00196	30.110	455	282	10	28	464	36	472	1.53e-46	172
PENPO_0016_09044	DIPCO_0116_10720	28.125	480	312	12	9	471	18	481	1.67e-46	172
PENPO_0016_09044	PENCO_0002_02095	27.505	509	321	15	5	484	4	493	2.24e-46	171
PENPO_0016_09044	PENVU_0013_04330	27.606	518	318	18	1	484	3	497	2.63e-46	171
PENPO_0016_09044	PENEN_0077_05218	27.642	492	313	12	3	464	6	484	2.76e-46	171
PENPO_0016_09044	TORHE_0005_07960	27.197	478	307	11	12	460	23	488	3.07e-46	171
PENPO_0016_09044	VALMA_0002_00388	29.144	374	241	8	113	469	215	581	4.21e-46	172
PENPO_0016_09044	VALMA_0002_00388	38.272	81	41	4	347	420	65	143	0.026	40.8
PENPO_0016_09044	PENCH_0038_11474	27.664	488	301	16	6	472	25	481	4.23e-46	171
PENPO_0016_09044	VALMA_0003_00733	29.187	418	273	10	67	471	25	432	4.83e-46	169
PENPO_0016_09044	PENCH_0038_10957	27.515	487	311	11	8	464	10	484	5.30e-46	171
PENPO_0016_09044	PENFL_0121_10740	30.719	306	200	5	174	471	37	338	5.30e-46	167
PENPO_0016_09044	METMA_0019_04828	27.802	464	282	14	52	478	5	452	6.97e-46	169
PENPO_0016_09044	PENPO_0001_00963	26.724	464	325	9	11	471	18	469	7.79e-46	169
PENPO_0016_09044	PENSO_0118_01909	26.724	464	325	9	11	471	18	469	9.08e-46	169
PENPO_0016_09044	PYROM_0269_03358	29.718	461	290	12	13	465	49	483	9.51e-46	170
PENPO_0016_09044	ASPNI_0015_10426	27.066	484	328	12	5	478	16	484	2.32e-45	168
PENPO_0016_09044	ASPCA_0005_05788	27.468	466	298	11	28	464	38	492	2.37e-45	169
PENPO_0016_09044	PENRO_0003_05095	27.721	487	302	16	6	472	25	481	2.38e-45	169
PENPO_0016_09044	PENEN_0050_03425	28.861	395	245	10	119	494	17	394	2.81e-45	166
PENPO_0016_09044	PENFL_0011_04060	27.802	464	298	11	10	460	11	450	2.89e-45	168
PENPO_0016_09044	TORHE_0002_00355	27.565	497	309	16	7	470	24	502	2.93e-45	169
PENPO_0016_09044	PENRO_0003_05097	27.917	480	308	12	6	470	24	480	2.96e-45	168
PENPO_0016_09044	ASPNI_0001_00836	28.090	445	274	11	55	467	60	490	3.00e-45	169
PENPO_0016_09044	PENAR_0028_10157	28.632	475	313	15	4	464	27	489	3.02e-45	169
PENPO_0016_09044	ASPKA_0064_05746	28.908	467	287	12	7	460	14	448	3.06e-45	168
PENPO_0016_09044	PENFL_0057_09650	25.714	490	303	14	25	472	33	503	3.35e-45	169
PENPO_0016_09044	PENEN_0076_04971	26.566	463	323	10	13	471	20	469	3.44e-45	168
PENPO_0016_09044	PENCH_0038_11476	27.651	481	310	12	6	471	24	481	3.66e-45	168
PENPO_0016_09044	ASPCA_0024_14452	27.097	465	307	12	10	469	72	509	4.20e-45	169
PENPO_0016_09044	PENRO_0002_00625	28.000	475	318	11	4	471	15	472	5.74e-45	167
PENPO_0016_09044	PENRO_0004_08269	28.953	487	315	13	2	474	9	478	5.78e-45	167
PENPO_0016_09044	PENCH_0038_12041	26.395	466	324	11	11	471	18	469	6.93e-45	167
PENPO_0016_09044	PENRO_0004_07835	28.261	506	321	16	5	484	4	493	8.11e-45	167
PENPO_0016_09044	PENAN_0003_01552	27.872	470	291	12	28	464	30	484	8.19e-45	167
PENPO_0016_09044	PENCH_0034_08544	26.971	482	311	9	4	470	5	460	8.24e-45	167
PENPO_0016_09044	PENCO_0001_01558	27.594	453	304	9	10	458	20	452	8.26e-45	167
PENPO_0016_09044	ASPCA_0019_13640	27.176	471	318	10	3	470	66	514	9.04e-45	167
PENPO_0016_09044	PYROM_0718_09100	27.833	503	325	16	9	495	33	513	9.26e-45	167
PENPO_0016_09044	TALIS_0014_09610	28.029	421	278	7	65	471	33	442	9.78e-45	171
PENPO_0016_09044	OIDMA_0001_01549	27.938	451	307	12	28	471	42	481	9.98e-45	167
PENPO_0016_09044	PENPO_0004_03792	28.571	469	291	14	7	458	12	453	1.06e-44	166
PENPO_0016_09044	VALMA_0031_04542	27.115	461	319	8	18	471	55	505	1.18e-44	167
PENPO_0016_09044	CORMI_0003_02870	26.860	484	288	16	31	467	47	511	1.81e-44	167
PENPO_0016_09044	PENSO_0444_07468	29.039	458	288	13	7	458	12	438	2.65e-44	169
PENPO_0016_09044	ASPLU_0021_07639	26.582	474	294	12	55	496	60	511	2.71e-44	166
PENPO_0016_09044	ASPKA_0136_08976	26.582	474	294	12	55	496	60	511	2.71e-44	166
PENPO_0016_09044	STELY_0222_07431	28.144	501	315	14	5	471	13	502	3.87e-44	170
PENPO_0016_09044	PENSO_0176_02788	29.333	450	288	10	13	460	18	439	4.76e-44	164
PENPO_0016_09044	DIPCO_0005_01517	27.332	461	308	13	24	471	36	482	5.00e-44	165
PENPO_0016_09044	ASPTE_0010_02582	26.680	491	312	13	5	464	75	548	5.14e-44	166
PENPO_0016_09044	TORHE_0002_02787	25.618	445	286	12	31	460	35	449	5.31e-44	164
PENPO_0016_09044	METMA_0139_10018	29.079	478	288	16	28	473	31	489	5.42e-44	165
PENPO_0016_09044	PENPO_0008_06578	27.984	511	316	17	5	484	4	493	5.64e-44	165
PENPO_0016_09044	STELY_0142_04258	31.118	331	208	7	178	495	10	333	6.81e-44	160
PENPO_0016_09044	PENST_0001_01198	26.453	499	329	15	6	488	12	488	7.69e-44	164
PENPO_0016_09044	CORMI_0003_03040	26.829	451	298	12	24	471	32	453	8.06e-44	164
PENPO_0016_09044	TORHE_0006_08814	26.681	461	272	14	58	494	2	420	8.10e-44	162
PENPO_0016_09044	PENVU_0072_09519	27.527	465	298	17	6	456	75	514	8.83e-44	165
PENPO_0016_09044	NEOFI_0246_00761	29.284	461	290	16	4	456	49	481	9.33e-44	164
PENPO_0016_09044	PENSO_0502_09464	28.180	511	315	17	5	484	4	493	9.44e-44	164
PENPO_0016_09044	PENFL_0029_07552	28.478	460	296	12	33	471	37	484	1.21e-43	164
PENPO_0016_09044	OIDMA_0011_10657	27.292	480	299	16	27	472	32	495	1.26e-43	164
PENPO_0016_09044	PENVU_0001_00111	27.677	495	319	14	1	471	5	484	1.37e-43	164
PENPO_0016_09044	PENEN_0155_10963	27.789	511	317	16	5	484	4	493	1.41e-43	164
PENPO_0016_09044	PENCO_0006_05166	27.459	488	319	14	6	471	10	484	1.60e-43	164
PENPO_0016_09044	TALIS_0006_06044	27.039	466	296	13	5	468	67	490	1.68e-43	164
PENPO_0016_09044	ASPLU_0025_09622	28.692	474	272	17	41	472	45	494	1.84e-43	164
PENPO_0016_09044	ASPKA_0144_10357	28.692	474	272	17	41	472	45	494	1.84e-43	164
PENPO_0016_09044	OIDMA_0054_16633	27.212	452	301	11	19	460	19	452	2.55e-43	162
PENPO_0016_09044	PENVU_0015_04688	31.579	323	200	9	169	479	29	342	2.80e-43	159
PENPO_0016_09044	PENRO_0003_05898	27.111	450	291	11	45	468	48	486	4.23e-43	162
PENPO_0016_09044	PENEN_0054_03603	27.174	460	314	10	19	471	27	472	4.81e-43	162
PENPO_0016_09044	PENRO_0014_12210	26.840	462	302	13	14	463	23	460	5.12e-43	162
PENPO_0016_09044	PENVU_0027_06523	28.895	353	221	9	126	465	1	336	5.33e-43	158
PENPO_0016_09044	PENCO_0001_00509	26.134	463	325	10	13	471	20	469	6.88e-43	161
PENPO_0016_09044	ASPNI_0003_02840	29.099	433	274	12	61	471	63	484	6.98e-43	162
PENPO_0016_09044	PENVU_0003_01603	26.427	473	335	9	5	473	17	480	7.39e-43	162
PENPO_0016_09044	OIDMA_0023_15188	27.165	508	314	17	8	484	13	495	7.53e-43	162
PENPO_0016_09044	OIDMA_0017_13472	28.660	485	304	15	7	471	40	502	7.56e-43	162
PENPO_0016_09044	ASPNI_0009_06029	27.412	456	309	9	8	459	13	450	8.83e-43	161
PENPO_0016_09044	DIPCO_0068_09355	26.752	471	317	13	8	468	86	538	9.37e-43	162
PENPO_0016_09044	STELY_0137_03856	26.761	497	331	15	1	476	14	498	9.52e-43	162
PENPO_0016_09044	ASPCA_0003_03309	26.437	522	330	17	6	496	13	511	9.92e-43	161
PENPO_0016_09044	METMA_0004_01219	26.039	457	314	10	10	460	12	450	1.11e-42	161
PENPO_0016_09044	VALMA_0005_01274	25.641	468	302	10	23	471	29	469	1.12e-42	161
PENPO_0016_09044	ASPLU_0002_00051	26.430	507	334	14	7	490	6	496	1.14e-42	161
PENPO_0016_09044	TORHE_0002_03410	28.051	467	300	14	33	475	64	518	1.42e-42	161
PENPO_0016_09044	PENCO_0003_03112	25.732	478	288	14	40	472	20	475	1.44e-42	160
PENPO_0016_09044	PENRO_0003_04071	27.254	488	306	14	7	468	76	540	1.73e-42	162
PENPO_0016_09044	PENAR_0088_11687	27.826	460	299	12	33	471	37	484	2.10e-42	161
PENPO_0016_09044	PENFL_0002_01094	28.665	457	301	12	24	471	44	484	2.15e-42	160
PENPO_0016_09044	PENEN_0101_07534	28.375	363	232	9	139	488	4	351	2.26e-42	157
PENPO_0016_09044	DIPCO_0095_10387	25.494	506	338	13	4	484	18	509	2.27e-42	161
PENPO_0016_09044	PENVU_0012_03950	28.726	369	236	9	142	492	1	360	2.34e-42	158
PENPO_0016_09044	PENFL_0014_04895	27.154	534	296	19	5	484	493	987	2.38e-42	164
PENPO_0016_09044	PENFR_0558_10977	26.763	482	318	14	9	471	17	482	2.63e-42	160
PENPO_0016_09044	OIDMA_0003_04705	26.991	452	306	9	28	471	49	484	3.16e-42	160
PENPO_0016_09044	ASPCA_0002_01375	26.490	453	292	12	28	470	82	503	3.38e-42	160
PENPO_0016_09044	ASPCA_0003_02060	27.577	388	259	8	113	490	3	378	3.69e-42	157
PENPO_0016_09044	DIPCO_0041_07233	26.545	437	280	13	54	472	89	502	3.98e-42	160
PENPO_0016_09044	TORHE_0002_02527	25.319	470	307	13	5	460	69	508	5.06e-42	160
PENPO_0016_09044	ASPKA_0046_01546	26.539	471	298	10	9	460	12	453	5.25e-42	159
PENPO_0016_09044	ASPLU_0005_00887	26.539	471	298	10	9	460	12	453	5.25e-42	159
PENPO_0016_09044	METMA_0167_10391	26.226	469	309	13	24	471	57	509	5.28e-42	160
PENPO_0016_09044	PENFL_0003_01668	26.638	473	330	12	5	471	22	483	6.00e-42	159
PENPO_0016_09044	PENVU_0004_01726	27.686	484	306	18	28	484	27	493	9.08e-42	159
PENPO_0016_09044	PENRO_0004_08164	26.124	467	320	13	13	471	20	469	1.16e-41	158
PENPO_0016_09044	ASPNI_0002_01411	27.621	496	307	18	1	468	3	474	1.26e-41	158
PENPO_0016_09044	ASPNI_0013_08709	26.464	461	316	7	6	460	10	453	1.38e-41	158
PENPO_0016_09044	PENCH_0037_10007	27.556	450	307	10	28	471	48	484	1.45e-41	158
PENPO_0016_09044	PENAR_0095_11731	26.316	456	303	14	28	471	35	469	2.30e-41	159
PENPO_0016_09044	ASPNI_0015_10666	26.840	462	318	9	4	464	69	511	2.33e-41	158
PENPO_0016_09044	CORMI_0005_05970	26.869	428	285	13	60	476	61	471	2.72e-41	157
PENPO_0016_09044	PENFR_0192_06993	26.859	417	290	9	58	471	2	406	2.78e-41	155
PENPO_0016_09044	ARTOT_0007_07075	25.630	476	335	8	2	471	13	475	3.04e-41	157
PENPO_0016_09044	NEOFI_0249_03694	26.042	480	321	13	28	490	29	491	3.93e-41	157
PENPO_0016_09044	PYROM_0466_06438	26.962	497	311	13	17	472	34	519	4.38e-41	157
PENPO_0016_09044	OIDMA_0017_13532	25.630	476	336	9	6	471	19	486	4.82e-41	158
PENPO_0016_09044	ASPNI_0001_00839	25.869	518	337	12	3	492	57	555	5.82e-41	157
PENPO_0016_09044	PENCH_0037_10782	27.198	489	309	14	6	471	10	474	6.32e-41	156
PENPO_0016_09044	OIDMA_0017_13601	26.757	441	293	9	28	460	12	430	6.69e-41	155
PENPO_0016_09044	TALIS_0002_00368	26.256	438	297	10	5	437	85	501	6.89e-41	156
PENPO_0016_09044	PENST_0009_05608	27.255	499	305	14	6	467	7	484	7.04e-41	156
PENPO_0016_09044	ASPLU_0033_11753	29.582	311	207	5	112	417	24	327	8.35e-41	153
PENPO_0016_09044	PENSU_0382_06418	27.137	468	308	13	7	453	6	461	8.60e-41	155
PENPO_0016_09044	ASPCA_0014_12486	27.500	440	298	11	28	459	28	454	9.70e-41	155
PENPO_0016_09044	NEOFI_0258_08988	26.430	507	317	16	5	476	6	491	1.10e-40	156
PENPO_0016_09044	PENEN_0062_04116	26.106	452	299	10	19	451	422	857	1.18e-40	160
PENPO_0016_09044	STELY_0254_08247	27.160	486	311	12	6	467	230	696	1.44e-40	158
PENPO_0016_09044	PYROM_0573_07769	24.795	488	316	15	7	472	31	489	1.49e-40	155
PENPO_0016_09044	ASPNI_0003_03085	27.601	471	286	12	7	464	14	442	1.60e-40	155
PENPO_0016_09044	PENST_0028_09653	27.313	454	272	12	55	470	57	490	2.00e-40	155
PENPO_0016_09044	TALIS_0002_00079	28.216	482	300	15	15	471	12	472	2.71e-40	154
PENPO_0016_09044	OIDMA_0009_09609	27.309	498	312	15	1	472	1	474	3.30e-40	154
PENPO_0016_09044	PENEN_0045_03176	25.111	450	309	11	5	438	18	455	3.59e-40	154
PENPO_0016_09044	ASPKA_0136_08973	25.478	471	327	9	28	492	87	539	3.87e-40	155
PENPO_0016_09044	ASPTE_0016_06050	28.144	501	283	15	10	460	5	478	3.99e-40	154
PENPO_0016_09044	ASPLU_0008_01897	26.522	460	316	10	4	459	9	450	4.62e-40	154
PENPO_0016_09044	PENPO_0002_02462	25.957	470	325	12	15	471	23	482	5.22e-40	154
PENPO_0016_09044	ASPKA_0129_08742	30.519	308	182	7	133	433	1	283	5.72e-40	149
PENPO_0016_09044	ASPKA_0046_01528	26.694	487	319	15	1	466	3	472	5.80e-40	154
PENPO_0016_09044	PENSO_0350_06149	26.739	460	304	14	33	471	37	484	6.50e-40	154
PENPO_0016_09044	PENAN_0037_09059	27.751	418	255	14	60	460	6	393	8.25e-40	152
PENPO_0016_09044	PENPO_0005_04743	27.174	460	302	14	33	471	37	484	8.60e-40	153
PENPO_0016_09044	PYROM_1524_13009	28.640	419	274	9	8	416	24	427	8.86e-40	153
PENPO_0016_09044	OIDMA_0005_06334	26.681	476	323	11	7	471	14	474	1.14e-39	153
PENPO_0016_09044	PENSO_0008_00102	26.316	475	317	12	15	471	23	482	1.25e-39	153
PENPO_0016_09044	MICGY_0010_08393	27.983	461	287	16	16	464	78	505	1.33e-39	153
PENPO_0016_09044	TALIS_0002_01040	27.572	486	305	18	6	471	7	465	1.53e-39	152
PENPO_0016_09044	PENVU_0020_05618	26.580	459	307	10	24	471	35	474	1.62e-39	152
PENPO_0016_09044	ASPCA_0005_06276	26.987	478	316	14	7	468	76	536	1.75e-39	153
PENPO_0016_09044	NEOFI_0246_00713	23.736	455	335	7	24	471	20	469	1.77e-39	152
PENPO_0016_09044	PENAR_0016_08045	26.511	513	307	15	5	470	4	493	2.09e-39	152
PENPO_0016_09044	PYROM_0450_06155	26.050	476	317	14	4	470	66	515	2.37e-39	152
PENPO_0016_09044	ASPTE_0016_06238	26.585	489	311	18	5	469	12	476	2.39e-39	154
PENPO_0016_09044	ASPKA_0064_05924	26.517	445	273	12	67	471	69	499	2.40e-39	152
PENPO_0016_09044	TORHE_0005_08444	27.556	450	291	12	28	455	36	472	2.66e-39	152
PENPO_0016_09044	OIDMA_0001_01922	27.332	461	303	12	6	451	17	460	3.38e-39	151
PENPO_0016_09044	ASPKA_0142_09791	27.593	482	306	12	4	473	10	460	3.55e-39	151
PENPO_0016_09044	PENVU_0020_05705	26.872	454	313	10	24	471	45	485	3.88e-39	151
PENPO_0016_09044	TORHE_0006_08818	25.664	452	310	13	28	471	6	439	3.99e-39	150
PENPO_0016_09044	MICGY_0003_02111	26.200	500	348	14	5	496	22	508	4.13e-39	151
