PENPO_0016_09051	PENPO_0016_09051	100.000	254	0	0	1	254	1	254	0.0	526
PENPO_0016_09051	PENSO_0198_03391	99.606	254	1	0	1	254	1	254	0.0	523
PENPO_0016_09051	PENFR_0134_05625	97.638	254	6	0	1	254	1	254	0.0	516
PENPO_0016_09051	TALIS_0004_04493	88.583	254	29	0	1	254	23	276	1.13e-169	472
PENPO_0016_09051	PENAN_0015_05680	38.000	250	154	1	5	253	4	253	2.28e-56	184
PENPO_0016_09051	PENAR_0027_10061	35.060	251	160	2	5	253	4	253	2.03e-49	166
PENPO_0016_09051	PENST_0023_09137	34.800	250	162	1	5	253	4	253	6.29e-49	164
PENPO_0016_09051	ASPNI_0014_10122	34.426	244	160	0	9	252	13	256	9.08e-48	162
PENPO_0016_09051	OIDMA_0035_16304	37.449	243	142	5	1	237	1	239	3.09e-45	155
PENPO_0016_09051	ASPNI_0010_07233	35.271	258	152	6	1	248	54	306	1.77e-42	150
PENPO_0016_09051	PENRO_0003_05379	34.510	255	152	5	2	253	4	246	2.45e-42	147
PENPO_0016_09051	MICGY_0002_00734	30.041	243	166	1	6	248	45	283	1.63e-40	144
PENPO_0016_09051	ASPCA_0008_08970	34.000	250	154	4	1	240	1	249	2.68e-40	142
PENPO_0016_09051	ASPKA_0058_03925	32.558	258	159	6	1	248	1	253	6.53e-39	139
PENPO_0016_09051	ASPKA_0038_00658	30.522	249	167	3	5	253	4	246	9.74e-39	138
PENPO_0016_09051	ASPLU_0011_02697	30.522	249	167	3	5	253	4	246	9.74e-39	138
PENPO_0016_09051	ASPLU_0018_05302	34.091	264	158	7	3	254	8	267	1.33e-38	138
PENPO_0016_09051	ASPKA_0064_05921	34.091	264	158	7	3	254	8	267	1.33e-38	138
PENPO_0016_09051	ASPNI_0008_05888	29.555	247	168	3	7	253	6	246	2.27e-38	137
PENPO_0016_09051	ASPCA_0009_10348	30.418	263	155	5	1	253	1	245	8.55e-38	135
PENPO_0016_09051	ASPLU_0011_02873	31.034	232	154	3	7	238	6	231	3.86e-36	131
PENPO_0016_09051	ASPKA_0066_06742	31.034	232	154	3	7	238	6	231	3.86e-36	131
PENPO_0016_09051	ASPCA_0003_02285	30.980	255	164	4	6	251	7	258	4.80e-36	131
PENPO_0016_09051	PENEN_0095_07017	30.924	249	160	4	8	253	7	246	7.99e-36	130
PENPO_0016_09051	PENEN_0050_03373	28.862	246	169	3	8	253	7	246	9.57e-36	130
PENPO_0016_09051	ARTOT_0002_00162	28.099	242	158	3	6	241	31	262	5.33e-35	129
PENPO_0016_09051	PENCO_0005_05023	30.522	249	161	4	8	253	7	246	1.66e-34	127
PENPO_0016_09051	PENRO_0007_10961	32.661	248	150	5	6	240	4	247	2.17e-34	127
PENPO_0016_09051	PENPO_0014_08567	32.258	248	151	5	6	240	4	247	2.41e-34	127
PENPO_0016_09051	PENVU_0030_06960	32.000	250	153	5	4	240	2	247	2.95e-34	127
PENPO_0016_09051	PENSU_0395_06961	31.048	248	154	4	6	240	7	250	4.55e-34	126
PENPO_0016_09051	PENVU_0011_03690	29.688	256	154	4	6	253	4	241	8.93e-34	125
PENPO_0016_09051	PENAR_0007_04979	32.567	261	159	5	6	253	4	260	1.39e-33	125
PENPO_0016_09051	ASPCA_0016_13150	32.895	228	145	4	5	227	1	225	1.74e-33	124
PENPO_0016_09051	VALMA_0001_00010	34.322	236	147	5	8	241	10	239	2.98e-33	124
PENPO_0016_09051	PENEN_0090_06735	28.854	253	154	4	4	248	2	236	3.07e-33	123
PENPO_0016_09051	PENCO_0015_08546	31.048	248	154	5	6	240	4	247	4.38e-33	124
PENPO_0016_09051	TALIS_0010_08265	27.953	254	172	5	1	253	1	244	7.42e-33	122
PENPO_0016_09051	PENAN_0075_10402	31.452	248	153	5	6	240	4	247	2.46e-32	122
PENPO_0016_09051	PENCO_0001_00281	28.458	253	155	4	4	248	2	236	3.08e-32	121
PENPO_0016_09051	PENVU_0019_05418	30.859	256	160	6	2	253	4	246	4.56e-32	120
PENPO_0016_09051	PENSO_0380_06404	31.855	248	152	5	6	240	4	247	8.33e-32	126
PENPO_0016_09051	DIPCO_0040_07163	30.833	240	156	5	1	240	1	230	9.47e-32	120
PENPO_0016_09051	PENSO_0349_06108	27.953	254	157	4	6	251	4	239	1.74e-31	119
PENPO_0016_09051	PENPO_0001_00245	27.953	254	157	4	6	251	4	239	1.74e-31	119
PENPO_0016_09051	OIDMA_0009_09453	31.225	253	162	4	6	251	4	251	1.76e-31	119
PENPO_0016_09051	PENFR_0044_02418	29.675	246	163	4	6	251	4	239	2.04e-31	119
PENPO_0016_09051	ASPNI_0018_12498	29.032	248	165	4	6	253	5	241	2.46e-31	119
PENPO_0016_09051	ASPLU_0031_11341	29.200	250	166	5	4	253	3	241	4.60e-31	118
PENPO_0016_09051	ASPKA_0045_01359	29.200	250	166	5	4	253	3	241	4.60e-31	118
PENPO_0016_09051	VALMA_0057_06449	29.583	240	150	3	2	241	4	224	5.14e-31	117
PENPO_0016_09051	PENEN_0044_03126	27.559	254	158	4	6	251	4	239	1.81e-30	116
PENPO_0016_09051	PENCH_0029_04573	29.555	247	167	4	6	251	4	244	2.06e-30	116
PENPO_0016_09051	PENEN_0003_00207	31.048	248	154	5	6	240	4	247	5.18e-30	121
PENPO_0016_09051	PENFL_0069_10052	28.175	252	165	3	2	253	51	286	7.79e-30	116
PENPO_0016_09051	DIPCO_0047_07824	31.667	240	153	6	3	241	2	231	1.80e-29	114
PENPO_0016_09051	ASPLU_0002_00110	30.279	251	139	7	1	248	1	218	2.41e-29	113
PENPO_0016_09051	PENPO_0010_07689	27.542	236	163	5	6	241	5	232	2.87e-29	113
PENPO_0016_09051	PENSO_0139_02183	27.542	236	163	5	6	241	7	234	3.09e-29	113
PENPO_0016_09051	OIDMA_0011_10946	28.968	252	159	5	1	240	1	244	4.39e-29	113
PENPO_0016_09051	PENFR_0057_02993	29.317	249	158	3	6	253	8	239	4.71e-29	112
PENPO_0016_09051	PENVU_0067_09325	27.848	237	161	6	6	241	5	232	1.44e-28	112
PENPO_0016_09051	PENAR_0040_10996	29.804	255	166	6	1	253	1	244	2.02e-28	111
PENPO_0016_09051	PENPO_0001_00575	28.629	248	161	3	6	253	8	239	4.01e-28	110
PENPO_0016_09051	PENCH_0034_08350	27.600	250	165	3	2	251	4	237	4.32e-28	110
PENPO_0016_09051	PENSU_0476_11015	29.918	244	162	3	4	247	2	236	4.86e-28	110
PENPO_0016_09051	ASPCA_0010_10583	27.843	255	156	6	6	251	5	240	7.83e-28	109
PENPO_0016_09051	VALMA_0058_06492	34.008	247	150	5	6	245	5	245	2.04e-27	108
PENPO_0016_09051	PENCH_0034_07532	26.809	235	164	4	6	240	5	231	5.35e-27	107
PENPO_0016_09051	PENFL_0063_09886	26.809	235	164	4	6	240	5	231	5.41e-27	107
PENPO_0016_09051	ASPCA_0005_05013	30.380	237	157	3	6	240	4	234	5.47e-27	107
PENPO_0016_09051	PENEN_0064_04181	26.271	236	166	5	6	241	7	234	1.28e-26	106
PENPO_0016_09051	ASPKA_0066_06603	28.226	248	157	4	6	253	3	229	1.53e-26	105
PENPO_0016_09051	ASPLU_0011_02714	28.226	248	157	4	6	253	3	229	1.53e-26	105
PENPO_0016_09051	PENAN_0004_02201	26.506	249	155	5	6	245	4	233	1.69e-26	106
PENPO_0016_09051	OIDMA_0011_10814	26.275	255	174	5	6	253	5	252	4.18e-26	105
PENPO_0016_09051	ARTOT_0003_02756	28.906	256	160	7	6	254	4	244	2.08e-25	103
PENPO_0016_09051	PENST_0033_09982	28.099	242	166	5	1	239	1	237	2.23e-25	103
PENPO_0016_09051	STELY_0132_03555	27.426	237	160	5	6	241	4	229	2.45e-25	103
PENPO_0016_09051	PENCO_0001_01070	27.490	251	169	5	6	254	4	243	1.44e-24	100
PENPO_0016_09051	PENSU_0475_10935	28.216	241	159	6	5	240	1	232	1.54e-24	101
PENPO_0016_09051	ASPNI_0005_03382	28.629	248	156	4	6	253	3	229	1.64e-24	100
PENPO_0016_09051	ASPNI_0011_07361	28.916	249	164	4	8	252	6	245	2.07e-24	100
PENPO_0016_09051	ASPKA_0065_06580	29.200	250	164	4	7	252	5	245	2.23e-24	100
PENPO_0016_09051	ASPLU_0016_03495	29.200	250	164	4	7	252	5	245	2.23e-24	100
PENPO_0016_09051	PENAN_0028_08030	28.632	234	158	4	6	239	4	228	2.93e-24	100
PENPO_0016_09051	PENST_0001_00639	26.122	245	173	4	2	246	3	239	3.12e-24	100
PENPO_0016_09051	PENSU_0433_08388	28.571	238	155	6	6	239	4	230	3.38e-24	100
PENPO_0016_09051	ASPNI_0005_03363	32.571	175	105	5	5	175	129	294	4.41e-24	100
PENPO_0016_09051	PENST_0003_02291	26.794	209	146	3	6	213	16	218	4.46e-24	100
PENPO_0016_09051	ARTOL_0044_02573	28.571	273	165	8	3	252	2	267	5.84e-24	101
PENPO_0016_09051	ARTOT_0008_07748	30.120	249	152	8	5	240	4	243	1.20e-23	100
PENPO_0016_09051	PENST_0004_02780	27.350	234	166	3	6	235	8	241	1.94e-23	98.6
PENPO_0016_09051	PENRO_0004_07474	28.631	241	157	6	1	239	1	228	2.43e-23	97.8
PENPO_0016_09051	NEOFI_0249_02150	29.412	255	168	5	3	252	2	249	2.85e-23	99.0
PENPO_0016_09051	PENFR_0317_09062	26.860	242	163	4	6	245	4	233	3.26e-23	97.4
PENPO_0016_09051	PENSO_0187_03112	26.860	242	163	4	6	245	4	233	4.19e-23	97.1
PENPO_0016_09051	PENPO_0004_04366	26.860	242	163	4	6	245	4	233	4.19e-23	97.1
PENPO_0016_09051	PENCO_0005_04369	25.523	239	170	5	3	241	4	234	5.34e-23	97.1
PENPO_0016_09051	TORHE_0002_03018	25.514	243	174	3	5	245	1	238	7.96e-23	96.7
PENPO_0016_09051	STELY_0222_07469	26.423	246	165	4	6	246	4	238	8.20e-23	96.7
PENPO_0016_09051	ASPCA_0012_11887	28.571	245	165	4	8	248	8	246	8.31e-23	96.7
PENPO_0016_09051	ASPNI_0015_10438	27.888	251	167	6	4	247	5	248	1.07e-22	96.7
PENPO_0016_09051	NEOFI_0259_09901	27.451	255	171	5	3	252	2	247	1.09e-22	97.4
PENPO_0016_09051	PENSU_0152_03249	26.556	241	170	3	6	246	7	240	2.59e-22	95.5
PENPO_0016_09051	OIDMA_0013_12094	27.778	234	161	3	6	239	4	229	2.63e-22	95.1
PENPO_0016_09051	PENFL_0003_01600	28.390	236	156	5	6	239	4	228	3.18e-22	95.1
PENPO_0016_09051	TORHE_0002_02130	26.718	262	173	5	2	252	3	256	3.20e-22	95.5
PENPO_0016_09051	ASPCA_0006_07635	33.333	162	97	5	1	160	1	153	5.79e-22	91.7
PENPO_0016_09051	PENCH_0032_07053	27.966	236	157	5	6	239	4	228	6.24e-22	94.4
PENPO_0016_09051	OIDMA_0016_12966	26.772	254	177	4	1	253	1	246	6.77e-22	94.4
PENPO_0016_09051	PENRO_0002_02897	29.134	254	150	8	3	240	2	241	7.43e-22	95.1
PENPO_0016_09051	PENVU_0006_02423	27.863	262	168	7	3	252	2	254	8.64e-22	95.5
PENPO_0016_09051	PENAR_0001_00564	25.896	251	173	5	6	251	5	247	1.17e-21	93.6
PENPO_0016_09051	PENAR_0001_00677	26.923	234	162	4	6	239	4	228	1.55e-21	93.2
PENPO_0016_09051	MICGY_0005_05052	28.627	255	165	7	5	252	4	248	1.70e-21	94.4
PENPO_0016_09051	ASPLU_0002_00326	28.807	243	146	7	6	239	4	228	2.34e-21	92.4
PENPO_0016_09051	ASPKA_0058_03744	28.807	243	146	7	6	239	4	228	2.34e-21	92.4
PENPO_0016_09051	PENEN_0138_09842	26.860	242	164	5	6	245	4	234	2.73e-21	92.4
PENPO_0016_09051	ASPNI_0018_12211	26.877	253	168	6	1	245	1	244	3.72e-21	92.4
PENPO_0016_09051	ASPNI_0010_06975	29.435	248	152	9	1	240	1	233	4.71e-21	92.0
PENPO_0016_09051	ASPNI_0010_06983	29.880	251	141	9	6	239	4	236	5.17e-21	91.7
PENPO_0016_09051	PENSU_0138_02901	25.896	251	174	4	6	252	5	247	5.29e-21	92.8
PENPO_0016_09051	PENEN_0142_10442	26.230	244	174	4	7	248	7	246	9.31e-21	91.3
PENPO_0016_09051	PENCO_0011_07699	35.593	118	75	1	5	121	1	118	1.07e-20	90.9
PENPO_0016_09051	PYROM_0597_08017	25.882	255	176	4	6	253	5	253	1.09e-20	91.3
PENPO_0016_09051	DIPCO_0002_00344	26.337	243	166	5	6	247	7	237	1.97e-20	90.1
PENPO_0016_09051	VALMA_0164_10172	28.514	249	133	8	2	243	3	213	2.71e-20	89.4
PENPO_0016_09051	VALMA_0168_10239	26.295	251	167	7	1	240	1	244	2.75e-20	90.1
PENPO_0016_09051	PENEN_0039_02762	34.351	131	84	2	5	134	1	130	2.87e-20	89.7
PENPO_0016_09051	ASPLU_0002_00336	30.204	245	154	6	1	240	1	233	2.95e-20	89.7
PENPO_0016_09051	ASPKA_0058_03735	30.204	245	154	6	1	240	1	233	2.95e-20	89.7
PENPO_0016_09051	TORHE_0003_04945	25.911	247	163	5	6	247	5	236	3.36e-20	89.4
PENPO_0016_09051	TALIS_0013_09378	28.016	257	163	8	6	252	5	249	3.79e-20	89.4
PENPO_0016_09051	ASPKA_0036_00512	27.273	253	170	6	2	247	3	248	5.10e-20	89.4
PENPO_0016_09051	ASPLU_0007_00920	27.273	253	170	6	2	247	3	248	5.10e-20	89.4
PENPO_0016_09051	PENSU_0446_09174	29.353	201	137	4	1	198	1	199	5.82e-20	88.2
PENPO_0016_09051	MICGY_0010_08525	27.686	242	157	6	6	240	4	234	7.94e-20	88.6
PENPO_0016_09051	VALMA_0071_07216	26.809	235	150	6	7	236	5	222	8.52e-20	88.2
PENPO_0016_09051	OIDMA_0028_15904	28.631	241	158	5	6	245	9	236	1.07e-19	88.2
PENPO_0016_09051	TALIS_0009_07637	25.820	244	166	6	6	246	4	235	1.23e-19	87.8
PENPO_0016_09051	ASPCA_0025_14669	35.659	129	80	2	1	128	24	150	1.47e-19	85.9
PENPO_0016_09051	PENVU_0013_04199	27.119	236	159	5	6	239	4	228	2.42e-19	87.0
PENPO_0016_09051	PENSO_0505_09611	27.799	259	163	7	5	251	1	247	2.61e-19	87.0
PENPO_0016_09051	PENPO_0002_02541	34.351	131	84	2	5	134	1	130	2.61e-19	87.0
PENPO_0016_09051	NEOFI_0251_03788	34.351	131	84	2	5	134	1	130	5.55e-19	86.3
PENPO_0016_09051	TALIS_0004_04485	25.692	253	174	6	2	247	3	248	6.94e-19	86.3
PENPO_0016_09051	CORMI_0007_07780	27.547	265	168	6	1	251	1	255	1.04e-18	85.9
PENPO_0016_09051	ASPTE_0021_09391	28.692	237	159	6	5	240	3	230	1.74e-18	87.0
PENPO_0016_09051	ASPLU_0009_02273	24.901	253	172	6	1	245	1	243	3.25e-18	84.3
PENPO_0016_09051	ASPKA_0035_00458	24.901	253	172	6	1	245	1	243	3.25e-18	84.3
PENPO_0016_09051	METMA_0062_08006	24.803	254	170	5	7	251	41	282	3.26e-18	84.7
PENPO_0016_09051	ASPTE_0013_04117	26.562	256	176	6	1	253	1	247	8.95e-18	83.2
PENPO_0016_09051	ASPCA_0005_05361	27.174	276	157	12	8	251	73	336	9.22e-18	84.3
PENPO_0016_09051	PENFR_0002_00177	32.824	131	86	2	5	134	1	130	3.80e-17	81.3
PENPO_0016_09051	VALMA_0057_06450	28.497	193	126	5	6	198	4	184	9.01e-17	79.0
PENPO_0016_09051	PENVU_0015_04717	32.061	131	87	2	5	134	1	130	9.09e-17	80.5
PENPO_0016_09051	ASPTE_0017_06957	30.857	175	100	7	6	166	4	171	1.23e-16	79.0
PENPO_0016_09051	ASPCA_0007_07761	27.778	216	144	6	4	212	5	215	1.67e-16	79.7
PENPO_0016_09051	ASPKA_0065_06594	24.254	268	179	7	8	253	11	276	1.83e-16	80.1
PENPO_0016_09051	ASPLU_0016_03475	24.254	268	179	7	8	253	11	276	1.83e-16	80.1
PENPO_0016_09051	PENST_0011_06354	25.098	255	165	5	6	248	4	244	1.94e-16	79.3
PENPO_0016_09051	ASPKA_0066_06837	25.856	263	172	8	2	252	6	257	5.88e-16	78.6
PENPO_0016_09051	ASPCA_0013_11974	26.908	249	164	10	8	248	39	277	5.96e-16	78.6
PENPO_0016_09051	OIDMA_0009_09395	28.111	217	146	3	1	208	1	216	7.42e-16	77.8
PENPO_0016_09051	PENSU_0427_07809	23.237	241	151	3	6	246	4	210	8.62e-16	77.0
PENPO_0016_09051	MICGY_0004_04535	30.769	130	88	2	6	134	3	131	9.51e-16	77.4
PENPO_0016_09051	PENRO_0003_06758	31.356	118	80	1	5	121	1	118	1.10e-15	77.4
PENPO_0016_09051	ASPCA_0002_01434	26.471	238	164	4	19	252	118	348	1.35e-15	79.0
PENPO_0016_09051	ASPCA_0002_01433	25.882	255	171	6	8	252	127	373	1.87e-15	78.6
PENPO_0016_09051	PENCH_0028_02506	25.856	263	163	8	8	246	8	262	1.98e-15	77.0
PENPO_0016_09051	ASPLU_0011_02976	25.856	263	172	8	2	252	6	257	2.04e-15	77.4
PENPO_0016_09051	PENRO_0002_01201	25.912	274	159	10	8	251	8	267	3.61e-15	76.3
PENPO_0016_09051	ARTOT_0003_01574	30.769	117	80	1	6	121	4	120	4.96e-15	75.5
PENPO_0016_09051	VALMA_0001_00268	23.922	255	173	7	1	248	1	241	6.96e-15	75.1
PENPO_0016_09051	PENAR_0006_04524	28.049	164	113	2	90	253	15	173	9.10e-15	73.2
PENPO_0016_09051	ASPNI_0019_14051	29.070	172	115	4	5	172	1	169	1.65e-14	73.9
PENPO_0016_09051	PENAR_0001_00907	29.771	131	90	2	5	134	1	130	3.39e-14	73.2
PENPO_0016_09051	PENSU_0511_13186	23.396	265	173	7	1	253	1	247	4.29e-14	72.8
PENPO_0016_09051	ASPCA_0014_12403	26.141	241	168	5	6	246	36	266	7.61e-14	72.4
PENPO_0016_09051	TALIS_0002_01127	29.688	128	88	2	8	134	601	727	3.95e-13	72.0
PENPO_0016_09051	PENEN_0032_01949	24.436	266	173	7	8	251	8	267	8.32e-13	69.7
PENPO_0016_09051	PENSU_0496_12413	28.571	133	91	3	5	134	1	132	1.72e-12	68.6
PENPO_0016_09051	ASPLU_0008_01850	27.326	172	118	4	5	172	1	169	2.87e-12	67.8
PENPO_0016_09051	ASPKA_0051_02418	27.326	172	118	4	5	172	1	169	2.87e-12	67.8
PENPO_0016_09051	PENSO_0415_07073	23.372	261	170	7	8	245	8	261	3.17e-12	68.2
PENPO_0016_09051	PENFR_0400_09958	23.019	265	166	8	8	245	8	261	7.33e-12	67.0
PENPO_0016_09051	PENFR_0271_08446	28.481	158	108	2	96	253	24	176	9.39e-12	65.5
PENPO_0016_09051	PENFL_0015_05223	26.744	258	157	6	2	247	3	240	9.40e-12	66.2
PENPO_0016_09051	ASPNI_0005_03672	24.314	255	171	9	9	252	14	257	1.11e-11	67.0
PENPO_0016_09051	ASPCA_0002_00252	32.039	103	68	2	2	102	3	105	1.25e-11	62.8
PENPO_0016_09051	OIDMA_0005_06319	24.265	272	176	8	1	252	1	262	2.39e-11	65.5
PENPO_0016_09051	PENEN_0039_02758	27.600	250	163	5	2	246	3	239	3.56e-11	64.7
PENPO_0016_09051	TORHE_0002_00875	23.529	255	166	6	6	251	7	241	5.89e-11	63.9
PENPO_0016_09051	PENSO_0505_09610	26.718	262	160	8	2	251	3	244	1.19e-10	63.2
PENPO_0016_09051	OIDMA_0026_15708	32.000	100	66	2	6	105	4	101	1.59e-10	60.5
PENPO_0016_09051	ASPNI_0001_00295	22.963	270	178	11	8	251	11	276	3.62e-10	62.0
PENPO_0016_09051	PENSO_0114_01818	27.097	155	102	5	101	253	8	153	4.47e-09	57.4
PENPO_0016_09051	PENPO_0002_02543	26.190	252	154	8	7	246	8	239	5.51e-09	58.5
PENPO_0016_09051	ASPCA_0003_02905	37.681	69	43	0	53	121	1	69	7.27e-09	56.2
PENPO_0016_09051	ASPCA_0022_14280	29.921	127	87	2	2	127	5	130	1.21e-08	57.4
PENPO_0016_09051	ASPNI_0011_08021	28.016	257	162	9	6	251	10	254	1.30e-08	57.4
PENPO_0016_09051	ASPLU_0025_09479	26.718	262	159	10	6	251	10	254	4.92e-08	55.8
PENPO_0016_09051	ASPKA_0144_10467	26.718	262	159	10	6	251	10	254	4.92e-08	55.8
PENPO_0016_09051	ASPCA_0007_08632	30.088	113	71	2	9	121	7	111	4.98e-08	55.5
PENPO_0016_09051	ASPCA_0026_14695	29.213	89	62	1	162	249	1	89	1.03e-07	52.0
PENPO_0016_09051	PENCH_0030_06207	25.000	264	152	8	2	246	3	239	1.13e-07	54.7
PENPO_0016_09051	OIDMA_0023_15239	23.320	253	161	9	8	253	7	233	1.11e-06	51.6
PENPO_0016_09051	PENPO_0003_02908	29.126	103	72	1	151	253	10	111	1.14e-06	49.7
PENPO_0016_09051	PENAR_0034_10616	23.077	273	172	9	8	253	7	268	1.28e-06	51.6
PENPO_0016_09051	PENFR_0002_00176	25.301	249	156	7	14	251	2	231	1.39e-06	51.2
PENPO_0016_09051	ASPTE_0007_01124	35.556	90	56	1	153	240	69	158	1.53e-06	51.2
PENPO_0016_09051	ASPCA_0008_08996	31.373	102	68	1	153	252	83	184	1.14e-05	48.9
PENPO_0016_09051	TORHE_0003_05013	22.745	255	158	9	6	253	4	226	1.89e-05	47.8
PENPO_0016_09051	TALIS_0013_09334	31.132	106	53	5	6	109	4	91	3.46e-05	46.2
PENPO_0016_09051	OIDMA_0020_14592	22.170	212	136	8	8	212	6	195	6.88e-05	46.2
PENPO_0016_09051	ASPLU_0026_10304	26.804	97	71	0	144	240	24	120	8.15e-05	45.1
PENPO_0016_09051	PENAN_0015_05653	23.507	268	165	9	8	247	8	263	1.32e-04	45.8
PENPO_0016_09051	PENRO_0002_03306	29.032	93	63	1	159	251	18	107	2.88e-04	42.7
PENPO_0016_09051	PENAN_0027_07856	28.090	89	61	2	67	153	337	424	0.002	42.4
PENPO_0016_09051	ARTOL_0044_02139	25.833	120	71	3	9	123	13	119	0.003	41.6
PENPO_0016_09051	PENAN_0003_01821	29.412	68	48	0	151	218	260	327	0.028	38.9
PENPO_0016_09051	OIDMA_0023_15295	25.581	86	57	2	6	84	5	90	0.12	36.6
PENPO_0016_09051	OIDMA_0010_10255	27.397	73	49	1	165	233	152	224	0.31	35.4
PENPO_0016_09051	PENRO_0004_07892	30.556	72	47	2	56	124	71	142	0.45	35.0
PENPO_0016_09051	PENFL_0025_07011	31.169	77	45	2	56	124	71	147	0.51	35.0
PENPO_0016_09051	TORHE_0002_01338	32.812	64	41	2	113	175	104	166	0.71	34.3
PENPO_0016_09051	TORHE_0002_01337	32.812	64	41	2	113	175	104	166	0.81	34.3
PENPO_0016_09051	PENVU_0017_05213	30.392	102	66	2	151	252	206	302	1.8	33.5
PENPO_0016_09051	PENVU_0003_01277	26.667	75	49	1	56	124	71	145	2.2	33.1
PENPO_0016_09051	ASPCA_0025_14670	28.440	109	68	3	149	253	1	103	2.8	31.2
PENPO_0016_09051	PENST_0005_03654	24.638	69	50	1	108	174	58	126	4.6	31.6
PENPO_0016_09051	PENAR_0034_10656	41.304	46	23	2	194	238	222	264	6.0	31.6
PENPO_0016_09051	PENSU_0447_09296	35.185	54	33	2	18	71	591	642	7.4	31.6
PENPO_0016_09051	PENCH_0038_12315	41.935	31	18	0	56	86	71	101	9.4	31.2
PENPO_0016_09051	STELY_0101_00784	31.429	70	42	2	13	77	1294	1362	9.5	31.2
